0.000 0.000e+00
8000.800 0.000e+00
8004.150 0.000e+00
8005.461 0.000e+00
8008.000 0.000e+00
8008.359 0.000e+00
8009.300 0.000e+00
8010.650 0.000e+00
8011.790 0.000e+00
8015.500 0.000e+00
8016.460 0.000e+00
8016.990 0.000e+00
8019.733 0.000e+00
8020.100 0.000e+00
8022.280 0.000e+00
8024.500 0.000e+00
8031.878 0.000e+00
8033.850 0.000e+00
8034.100 0.000e+00
8035.730 0.000e+00
8036.835 0.000e+00
8037.610 0.000e+00
8039.067 0.000e+00
8040.470 0.000e+00
8042.710 0.000e+00
8042.771 0.000e+00
8044.392 0.000e+00
8045.970 0.000e+00
8046.520 0.000e+00
8049.490 0.000e+00
8052.200 0.000e+00
8052.280 0.000e+00
8055.523 0.000e+00
8056.300 0.000e+00
8059.474 0.000e+00
8060.400 0.000e+00
8060.600 0.000e+00
8061.721 0.000e+00
8063.556 0.000e+00
8067.158 0.000e+00
8068.280 0.000e+00
8072.900 0.000e+00
8076.210 0.000e+00
8080.300 0.000e+00
8082.530 0.000e+00
8082.600 0.000e+00
8085.970 0.000e+00
8088.350 0.000e+00
8092.600 0.000e+00
8099.467 0.000e+00
8104.208 0.000e+00
8105.921 0.000e+00
8106.250 0.000e+00
8106.595 0.000e+00
8110.139 0.000e+00
8111.690 0.000e+00
8112.880 0.000e+00
8115.132 0.000e+00
8115.300 0.000e+00
8117.542 0.000e+00
8118.170 0.000e+00
8120.522 0.000e+00
8125.524 0.000e+00
8131.400 0.000e+00
8132.270 0.000e+00
8135.220 0.000e+00
8138.500 0.000e+00
8139.070 0.000e+00
8144.410 0.000e+00
8144.800 0.000e+00
8147.200 0.000e+00
8147.380 0.000e+00
8147.600 0.000e+00
8152.888 0.000e+00
8153.880 0.000e+00
8154.040 0.000e+00
8155.300 0.000e+00
8155.800 0.000e+00
8159.490 0.000e+00
8165.600 0.000e+00
8167.615 0.000e+00
8167.650 0.000e+00
8168.600 0.000e+00
8173.266 0.000e+00
8175.000 0.000e+00
8179.400 0.000e+00
8180.920 0.000e+00
8180.930 0.000e+00
8183.600 0.000e+00
8185.040 0.000e+00
8185.180 0.000e+00
8191.500 0.000e+00
8192.308 0.000e+00
8192.510 0.000e+00
8194.390 0.000e+00
8197.323 0.000e+00
8197.850 0.000e+00
8198.983 0.000e+00
8199.700 0.000e+00
8202.900 0.000e+00
8204.990 0.000e+00
8207.480 0.000e+00
8207.600 0.000e+00
8208.592 0.000e+00
8208.880 0.000e+00
8212.400 0.000e+00
8216.500 0.000e+00
8217.110 0.000e+00
8220.076 0.000e+00
8220.660 0.000e+00
8224.950 0.000e+00
8229.300 0.000e+00
8231.150 0.000e+00
8233.896 0.000e+00
8234.100 0.000e+00
8240.700 0.000e+00
8241.560 0.000e+00
8253.000 0.000e+00
8261.791 0.000e+00
8264.500 0.000e+00
8265.000 0.000e+00
8265.514 0.000e+00
8266.794 0.000e+00
8268.792 0.000e+00
8274.629 0.000e+00
8274.800 0.000e+00
8277.300 0.000e+00
8282.392 0.000e+00
8283.328 0.000e+00
8287.980 0.000e+00
8289.840 0.000e+00
8290.900 0.000e+00
8299.003 0.000e+00
8299.830 0.000e+00
8299.991 0.000e+00
8300.391 0.000e+00
8303.670 0.000e+00
8305.480 0.000e+00
8306.000 0.000e+00
8318.500 0.000e+00
8318.700 0.000e+00
8326.188 0.000e+00
8326.868 0.000e+00
8330.196 0.000e+00
8331.730 0.000e+00
8335.020 0.000e+00
8335.240 0.000e+00
8340.676 0.000e+00
8341.400 0.000e+00
8342.000 0.000e+00
8342.800 0.000e+00
8344.923 0.000e+00
8347.477 0.000e+00
8348.714 0.000e+00
8349.116 0.000e+00
8349.530 0.000e+00
8349.744 0.000e+00
8351.345 0.000e+00
8353.600 0.000e+00
8356.000 0.000e+00
8362.590 0.000e+00
8365.372 0.000e+00
8373.681 0.000e+00
8375.091 0.000e+00
8376.300 0.000e+00
8377.790 0.000e+00
8378.381 0.000e+00
8378.700 0.000e+00
8378.850 0.000e+00
8380.600 0.000e+00
8387.200 0.000e+00
8394.580 0.000e+00
8394.676 0.000e+00
8398.031 0.000e+00
8403.900 0.000e+00
8404.339 0.000e+00
8408.429 0.000e+00
8410.521 0.000e+00
8411.500 0.000e+00
8413.450 0.000e+00
8414.190 0.000e+00
8414.740 0.000e+00
8418.043 0.000e+00
8420.900 0.000e+00
8425.700 0.000e+00
8426.963 0.000e+00
8434.690 0.000e+00
8439.869 0.000e+00
8445.600 0.000e+00
8452.692 0.000e+00
8454.300 0.000e+00
8466.400 0.000e+00
8468.000 0.000e+00
8470.100 0.000e+00
8471.880 0.000e+00
8472.290 0.000e+00
8475.640 0.000e+00
8479.530 0.000e+00
8484.970 0.000e+00
8493.300 0.000e+00
8500.540 0.000e+00
8503.333 0.000e+00
8503.356 0.000e+00
8507.900 0.000e+00
8511.211 0.000e+00
8513.300 0.000e+00
8515.800 0.000e+00
8517.530 0.000e+00
8523.783 0.000e+00
8524.891 0.000e+00
8532.444 0.000e+00
8540.280 0.000e+00
8540.330 0.000e+00
8541.200 0.000e+00
8549.371 0.000e+00
8551.013 0.000e+00
8553.680 0.000e+00
8556.320 0.000e+00
8559.700 0.000e+00
8561.710 0.000e+00
8563.240 0.000e+00
8564.902 0.000e+00
8565.940 0.000e+00
8567.050 0.000e+00
8567.500 0.000e+00
8567.690 0.000e+00
8569.100 0.000e+00
8571.370 0.000e+00
8578.366 0.000e+00
8584.900 0.000e+00
8586.400 0.000e+00
8587.620 0.000e+00
8590.530 0.000e+00
8594.984 0.000e+00
8595.510 0.000e+00
8601.390 0.000e+00
8606.381 0.000e+00
8606.590 0.000e+00
8608.140 0.000e+00
8608.210 0.000e+00
8609.975 0.000e+00
8613.040 0.000e+00
8616.000 0.000e+00
8621.100 0.000e+00
8621.710 0.000e+00
8626.174 0.000e+00
8626.609 0.000e+00
8627.190 0.000e+00
8631.070 0.000e+00
8631.310 0.000e+00
8633.473 0.000e+00
8633.900 0.000e+00
8635.180 0.000e+00
8639.150 0.000e+00
8641.480 0.000e+00
8650.916 0.000e+00
8652.830 0.000e+00
8653.870 0.000e+00
8654.020 0.000e+00
8655.100 0.000e+00
8659.768 0.000e+00
8670.325 0.000e+00
8675.860 0.000e+00
8676.640 0.000e+00
8677.150 0.000e+00
8682.000 0.000e+00
8683.320 0.000e+00
8683.370 0.000e+00
8689.100 0.000e+00
8692.580 0.000e+00
8694.587 0.000e+00
8695.474 0.000e+00
8699.249 0.000e+00
8699.890 0.000e+00
8706.900 0.000e+00
8708.800 0.000e+00
8710.000 0.000e+00
8712.032 0.000e+00
8713.933 0.000e+00
8716.010 0.000e+00
8718.580 0.000e+00
8719.341 0.000e+00
8719.700 0.000e+00
8721.769 0.000e+00
8724.570 0.000e+00
8728.940 0.000e+00
8740.000 0.000e+00
8741.772 0.000e+00
8744.890 0.000e+00
8748.500 0.000e+00
8748.830 0.000e+00
8749.690 0.000e+00
8754.300 0.000e+00
8754.540 0.000e+00
8756.413 0.000e+00
8757.600 0.000e+00
8760.500 0.000e+00
8760.605 0.000e+00
8762.550 0.000e+00
8765.400 0.000e+00
8766.519 0.000e+00
8770.623 0.000e+00
8774.269 0.000e+00
8775.410 0.000e+00
8775.500 0.000e+00
8776.460 0.000e+00
8779.161 0.000e+00
8780.800 0.000e+00
8782.660 0.000e+00
8783.109 0.000e+00
8786.100 0.000e+00
8788.290 0.000e+00
8790.800 0.000e+00
8792.969 0.000e+00
8798.556 0.000e+00
8798.700 0.000e+00
8799.340 0.000e+00
8806.278 0.000e+00
8807.030 0.000e+00
8807.070 0.000e+00
8808.200 0.000e+00
8821.832 0.000e+00
8833.300 0.000e+00
8840.436 0.000e+00
8842.520 0.000e+00
8844.890 0.000e+00
8844.955 0.000e+00
8852.340 0.000e+00
8853.125 0.000e+00
8853.870 0.000e+00
8858.170 0.000e+00
8864.753 0.000e+00
8869.605 0.000e+00
8871.840 0.000e+00
8872.652 0.000e+00
8876.170 0.000e+00
8888.150 0.000e+00
8889.900 0.000e+00
8892.590 0.000e+00
8896.100 0.000e+00
8897.586 0.000e+00
8899.100 0.000e+00
8901.742 0.000e+00
8905.100 0.000e+00
8906.957 0.000e+00
8908.101 0.000e+00
8911.176 0.000e+00
8917.970 0.000e+00
8922.639 0.000e+00
8928.525 0.000e+00
8929.270 0.000e+00
8931.145 0.000e+00
8933.282 0.000e+00
8933.783 0.000e+00
8937.901 0.000e+00
8939.984 0.000e+00
8954.709 0.000e+00
8955.238 0.000e+00
8968.300 0.000e+00
8969.340 0.000e+00
8969.990 0.000e+00
8971.412 0.000e+00
8973.827 0.000e+00
8976.100 0.000e+00
8980.450 0.000e+00
8981.160 0.000e+00
8983.516 0.000e+00
8989.083 0.000e+00
8990.037 0.000e+00
8991.400 0.000e+00
8993.900 -1.692e+04
8998.333 8.499e+04
9000.278 1.016e+05
9001.660 1.039e+05
9004.240 1.481e+05
9008.620 1.579e+05
9010.370 1.620e+05
9010.930 1.620e+05
9017.413 1.562e+05
9020.067 1.621e+05
9020.300 1.007e+05
9020.700 1.621e+05
9024.780 1.678e+05
9028.150 1.699e+05
9028.460 1.126e+05
9033.830 1.819e+05
9034.660 1.053e+05
9038.401 1.953e+05
9041.700 -1.403e+05
9042.430 2.321e+05
9046.950 2.069e+05
9047.930 5.046e+05
9053.700 -1.219e+05
9053.714 1.955e+05
9060.100 -9.072e+04
9063.233 1.606e+05
9069.700 -8.770e+04
9070.512 1.690e+05
9077.885 1.217e+05
9082.199 9.729e+04
9096.830 9.295e+04
9097.500 -6.803e+04
9097.599 1.174e+05
9098.630 6.417e+04
9101.072 1.325e+05
9102.220 1.085e+05
9103.080 1.202e+05
9108.740 8.398e+04
9109.062 1.954e+05
9114.190 1.551e+05
9114.740 1.013e+05
9116.850 2.507e+06
9124.990 1.466e+05
9125.471 4.158e+06
9134.100 1.014e+05
9141.000 2.022e+05
9144.310 1.092e+05
9153.330 2.307e+05
9154.050 2.336e+05
9154.630 8.215e+05
9158.562 2.846e+05
9160.300 -1.428e+05
9161.545 2.797e+05
9165.167 2.132e+06
9170.040 1.483e+06
9171.433 3.339e+05
9191.210 1.809e+05
9193.707 2.064e+05
9195.115 1.940e+05
9196.300 1.181e+05
9197.161 1.882e+05
9199.700 1.108e+05
9203.200 -9.640e+04
9205.730 8.618e+04
9212.920 1.234e+05
9213.910 8.657e+04
9219.040 9.213e+04
9221.515 7.960e+05
9224.799 8.032e+05
9224.920 9.892e+04
9227.030 8.076e+05
9227.360 1.560e+05
9228.920 9.535e+04
9235.710 1.522e+05
9236.690 1.415e+05
9245.540 8.913e+04
9245.600 -6.726e+04
9246.080 7.917e+04
9247.720 4.799e+04
9255.172 6.167e+04
9256.400 -5.004e+04
9261.313 6.087e+04
9262.140 3.815e+04
9265.230 4.240e+04
9265.470 4.240e+04
9266.200 -3.938e+04
9268.210 2.994e+04
9273.500 3.158e+04
9274.610 3.558e+04
9275.560 4.922e+04
9281.600 -4.818e+04
9282.256 7.500e+04
9282.400 6.165e+04
9290.420 7.243e+04
9290.900 5.802e+04
9294.081 7.426e+04
9301.200 -6.755e+04
9301.950 8.442e+04
9304.500 6.802e+04
9307.320 7.495e+04
9308.420 1.467e+05
9309.190 8.459e+04
9316.070 1.636e+05
9328.590 1.431e+05
9328.750 1.431e+05
9329.800 -8.403e+04
9333.220 1.442e+05
9333.610 1.584e+05
9334.230 9.394e+04
9336.640 9.312e+04
9338.540 1.649e+05
9340.500 1.439e+05
9341.000 -9.514e+04
9345.100 -1.070e+05
9347.367 3.146e+05
9348.800 -1.127e+05
9354.690 2.445e+05
9354.800 2.445e+05
9356.787 4.049e+05
9357.300 -1.213e+05
9363.034 3.353e+05
9364.670 2.798e+05
9376.590 1.668e+05
9376.735 2.227e+05
9377.330 1.760e+05
9392.900 1.688e+05
9394.590 1.549e+05
9397.490 1.335e+05
9399.480 1.391e+05
9403.170 7.644e+04
9414.590 7.419e+04
9415.900 1.143e+05
9417.530 1.107e+05
9421.166 1.001e+05
9422.000 -6.727e+04
9423.061 1.095e+05
9428.200 -4.566e+04
9434.700 -4.402e+04
9438.819 5.798e+04
9439.800 4.792e+04
9441.100 -4.309e+04
9444.050 3.480e+04
9445.270 3.532e+04
9445.300 -4.131e+04
9447.930 3.344e+04
9450.200 2.756e+04
9453.470 3.440e+04
9455.790 3.886e+04
9469.410 3.328e+04
9470.880 3.211e+04
9477.830 2.619e+04
9477.849 3.693e+04
9483.478 3.697e+04
9489.800 -4.360e+04
9493.580 3.741e+04
9498.500 -3.980e+04
9499.680 4.180e+04
9503.070 6.295e+04
9506.770 1.623e+05
9507.420 7.078e+04
9508.390 1.304e+05
9511.048 8.570e+04
9515.987 1.347e+05
9520.370 1.126e+05
9522.810 -8.582e+04
9526.650 1.444e+05
9528.900 -9.031e+04
9529.000 1.351e+05
9534.900 1.408e+05
9538.271 1.389e+05
9543.282 1.486e+05
9543.510 1.473e+05
9547.300 -9.138e+04
9549.900 -9.281e+04
9556.251 2.094e+05
9556.700 -1.022e+05
9569.460 2.376e+05
9576.900 -1.338e+05
9578.940 2.430e+05
9580.190 2.086e+05
9587.770 9.837e+04
9589.619 1.774e+05
9593.980 9.336e+04
9596.890 1.559e+05
9601.958 1.610e+05
9604.559 1.422e+05
9604.600 -1.807e+05
9607.130 8.025e+04
9608.430 7.019e+04
9609.800 1.047e+05
9613.020 1.308e+05
9615.145 2.708e+05
9618.270 1.351e+05
9618.350 7.101e+04
9619.590 7.298e+04
9622.215 2.888e+05
9624.705 1.488e+05
9625.876 1.454e+05
9633.530 1.080e+05
9641.050 1.149e+05
9641.704 -6.065e+04
9643.833 1.262e+05
9645.960 1.245e+05
9658.621 2.900e+06
9660.435 2.894e+06
9666.030 2.018e+04
9671.590 1.895e+04
9671.680 2.565e+04
9671.920 2.919e+04
9674.300 1.993e+04
9677.860 3.162e+04
9678.939 3.627e+04
9681.463 3.413e+04
9684.874 3.456e+04
9684.920 3.429e+04
9686.820 2.873e+04
9687.980 2.960e+04
9690.490 2.776e+04
9701.340 1.711e+04
9703.650 1.506e+04
9704.176 2.138e+04
9704.624 2.138e+04
9706.880 1.911e+04
9711.250 3.129e+04
9712.690 3.047e+04
9714.431 4.112e+04
9715.775 4.522e+04
9716.430 4.458e+04
9717.510 9.466e+04
9720.830 3.725e+04
9725.450 6.480e+04
9729.249 7.650e+04
9730.180 1.538e+05
9732.730 7.812e+04
9737.225 8.951e+04
9742.439 1.180e+05
9745.780 7.990e+05
9746.129 1.379e+05
9752.809 1.467e+05
9754.435 8.433e+05
9758.817 1.058e+05
9761.313 1.202e+05
9762.233 -6.095e+04
9764.528 1.219e+05
9771.370 1.502e+05
9774.510 2.122e+05
9776.248 3.759e+05
9777.500 1.018e+05
9778.000 -6.210e+04
9785.761 7.438e+05
9787.186 7.337e+05
9795.600 -7.654e+04
9795.916 2.274e+05
9797.580 2.092e+05
9802.384 3.293e+06
9804.708 1.664e+05
9806.378 1.500e+05
9811.000 -5.200e+04
9812.960 1.187e+05
9817.112 1.058e+05
9819.790 1.108e+05
9821.867 1.109e+05
9824.500 -4.512e+04
9827.334 1.143e+05
9828.526 1.259e+05
9832.551 1.336e+05
9835.000 -4.921e+04
9839.867 1.294e+05
9840.500 6.144e+04
9840.800 -5.143e+04
9841.030 1.182e+05
9852.159 7.549e+04
9854.100 6.771e+04
9856.763 5.840e+04
9858.940 5.237e+04
9865.650 4.181e+04
9889.850 1.819e+04
9895.680 1.639e+04
9899.790 1.452e+04
9903.350 1.786e+04
9907.010 1.043e+04
9908.602 1.092e+04
9909.108 1.301e+04
9912.434 1.510e+04
9916.956 2.466e+04
9918.874 2.239e+04
9919.090 1.718e+04
9920.320 1.798e+04
9925.919 3.636e+06
9931.555 2.780e+04
9934.402 3.366e+04
9937.770 3.152e+04
9951.878 5.192e+04
9953.817 5.511e+04
9955.534 4.084e+04
9957.480 3.818e+04
9960.950 4.432e+04
9965.045 6.785e+04
9968.148 8.266e+04
9969.310 4.190e+04
9969.400 7.588e+04
9969.776 8.248e+04
9972.000 -3.318e+04
9975.070 9.387e+04
9978.678 9.253e+04
9980.563 8.691e+04
9983.600 -5.026e+04
9991.130 1.559e+05
9991.760 1.559e+05
9992.000 1.452e+05
9996.603 1.583e+05
9996.752 1.583e+05
10001.700 -5.642e+04
10015.841 1.234e+05
10016.146 1.253e+05
10025.033 8.752e+04
10026.470 7.208e+04
10038.710 6.591e+04
10041.400 7.391e+04
10054.820 6.550e+04
10057.620 4.926e+04
10059.600 3.020e+04
10060.720 2.798e+04
10063.720 2.973e+04
10068.720 5.254e+04
10080.420 4.680e+04
10086.570 6.407e+04
10087.550 3.645e+04
10095.774 6.406e+04
10102.020 5.089e+04
10102.700 -2.201e+04
10110.110 2.423e+04
10113.440 2.672e+04
10114.364 2.001e+04
10122.570 1.315e+04
10123.730 1.129e+04
10124.500 4.175e+03
10128.250 8.854e+03
10132.400 1.135e+06
10141.191 1.321e+04
10142.530 1.297e+06
10148.740 1.236e+04
10150.460 1.372e+04
10166.651 2.009e+04
10170.400 2.059e+04
10180.200 2.257e+04
10183.400 -1.606e+04
10191.150 2.509e+04
10195.810 4.229e+04
10196.510 4.581e+04
10206.193 6.334e+04
10206.725 6.334e+04
10223.200 -1.263e+05
10223.600 4.699e+04
10223.802 8.929e+04
10224.320 8.579e+04
10232.000 -3.677e+04
10233.660 8.956e+04
10237.800 -3.425e+04
10244.200 -3.051e+04
10253.819 6.513e+04
10253.880 3.710e+04
10264.830 7.718e+04
10271.082 6.427e+04
10271.254 6.427e+04
10276.400 5.709e+04
10276.514 5.995e+04
10278.660 5.462e+04
10280.120 5.060e+04
10299.600 -3.042e+04
10299.750 4.293e+04
10301.911 4.131e+04
10308.459 3.928e+04
10323.600 -2.181e+04
10325.710 3.735e+04
10326.700 2.508e+04
10328.170 4.042e+04
10329.450 4.732e+04
10335.100 -3.096e+04
10335.550 6.563e+04
10336.900 -3.725e+04
10363.210 8.502e+03
10363.990 8.502e+03
10368.800 1.021e+04
10372.920 1.068e+04
10377.280 1.287e+04
10386.746 1.804e+04
10392.130 1.706e+04
10395.467 2.756e+04
10404.373 2.862e+04
10410.038 2.314e+04
10413.400 2.666e+04
10423.380 1.720e+04
10426.400 -1.880e+04
10431.350 3.040e+04
10434.700 -1.912e+04
10438.500 -1.967e+04
10443.369 3.360e+04
10445.452 3.838e+04
10450.644 4.156e+04
10453.700 -2.927e+04
10461.430 6.311e+04
10467.500 -2.424e+03
10470.048 1.408e+06
10472.923 1.411e+06
10480.905 1.299e+05
10487.700 3.610e+04
10489.160 9.928e+04
10498.817 2.245e+04
10503.077 2.546e+04
10504.000 -1.965e+04
10509.380 2.338e+04
10510.790 1.936e+04
10518.030 2.576e+04
10519.790 3.343e+04
10522.388 4.149e+04
10530.742 3.466e+04
10538.410 3.305e+04
10544.455 2.787e+04
10552.016 3.774e+04
10552.530 3.840e+04
10552.650 2.466e+04
10558.823 3.812e+04
10565.730 3.059e+04
10578.400 5.370e+04
10583.730 4.822e+04
10595.940 4.985e+04
10610.600 1.687e+04
10611.370 1.291e+04
10616.903 1.746e+04
10622.376 1.640e+04
10629.610 1.526e+04
10640.292 2.144e+04
10641.035 1.860e+04
10642.460 1.836e+04
10642.800 2.100e+04
10647.640 2.290e+04
10662.400 1.183e+04
10663.929 4.824e+04
10667.460 1.050e+05
10676.489 1.074e+05
10684.699 1.544e+04
10685.964 2.004e+04
10702.260 3.258e+04
10709.710 2.176e+04
10718.400 -1.808e+04
10723.467 3.928e+04
10732.370 2.738e+04
10736.810 3.167e+04
10761.810 3.402e+04
10762.110 4.531e+04
10767.330 4.777e+04
10788.090 2.800e+04
10804.300 2.138e+04
10815.859 3.611e+04
10819.453 3.922e+04
10820.846 4.574e+04
10832.425 2.666e+04
10841.310 3.608e+05
10843.009 2.056e+04
10870.322 2.497e+04
10870.862 2.497e+04
10872.688 3.643e+04
10877.880 3.838e+04
10898.308 1.940e+04
10900.925 2.996e+04
10916.780 1.278e+04
10917.300 9.021e+03
10919.660 1.128e+04
10926.436 1.639e+04
10934.724 1.303e+04
10957.287 2.199e+04
10976.807 3.341e+04
10977.340 3.710e+04
10985.391 2.780e+04
11025.200 -3.812e+04
11029.061 4.878e+04
11029.543 4.878e+04
11034.365 3.930e+04
11036.600 -1.871e+04
11070.975 3.433e+04
11071.487 3.742e+04
11081.903 5.858e+04
11082.230 4.666e+04
11086.652 4.597e+04
11088.273 3.214e+04
11090.724 2.952e+04
11109.500 5.441e+04
11119.730 2.276e+04
11130.236 2.136e+04
11133.860 2.040e+04
11144.196 2.039e+04
11148.769 2.996e+04
11165.730 1.132e+04
11176.339 2.233e+04
11178.560 1.276e+04
11179.880 3.316e+03
11184.646 2.425e+04
11190.170 1.895e+04
11212.780 2.122e+04
11214.375 2.523e+04
11217.650 2.108e+04
11217.907 2.278e+04
11217.960 8.906e+03
11220.371 2.162e+04
11256.588 3.132e+04
11260.787 3.458e+04
11262.240 3.371e+04
11265.790 3.398e+04
11289.672 3.347e+04
11290.200 7.718e+05
11292.190 1.854e+04
11306.900 3.646e+04
11312.660 1.923e+04
11314.514 3.206e+04
11319.200 1.687e+04
11328.467 2.452e+04
11331.610 2.700e+04
11336.540 3.228e+04
11339.667 4.001e+04
11352.472 3.455e+04
11357.000 -1.788e+04
11364.182 3.738e+04
11371.100 -2.943e+04
11418.170 2.098e+04
11427.960 4.290e+04
11439.700 -1.604e+04
11444.965 4.032e+04
11460.614 1.012e+05
11467.098 7.799e+04
11473.427 7.245e+04
11491.254 8.690e+04
11494.370 3.070e+04
11494.700 -2.659e+04
11506.629 3.832e+04
11517.520 2.941e+04
11540.560 1.740e+04
11561.791 3.844e+04
11614.161 2.301e+04
11614.800 4.272e+04
11617.260 1.432e+04
11651.484 2.394e+04
11651.585 2.394e+04
11659.000 2.742e+04
11671.904 3.785e+04
11681.093 3.570e+04
11690.200 -2.116e+04
11722.696 5.253e+04
11723.654 6.071e+04
11745.450 4.040e+04
11747.900 5.863e+04
11759.303 4.930e+04
11763.866 4.288e+04
11772.100 -2.365e+04
11772.782 4.201e+04
11785.330 2.708e+04
11795.640 3.101e+04
11796.790 1.929e+04
11822.614 7.966e+04
11860.560 2.590e+04
11861.110 2.639e+04
11877.610 2.687e+04
11878.100 4.681e+04
11888.500 -1.475e+04
11893.900 -1.468e+04
11913.400 -2.126e+04
11915.360 1.985e+04
11954.370 1.186e+04
11954.800 -9.298e+03
11956.270 1.581e+04
11970.457 2.367e+04
11979.600 -5.826e+03
11999.280 3.093e+04
12000.385 3.065e+04
12022.900 -2.238e+04
12030.334 6.641e+04
12046.238 5.624e+04
12062.335 4.188e+04
12063.969 4.772e+04
12069.581 5.291e+04
12074.800 -7.183e+03
12080.520 3.997e+04
12082.156 4.642e+04
12088.110 2.998e+04
12092.869 4.507e+04
12095.976 4.408e+04
12115.641 4.577e+04
12121.110 2.630e+04
12125.754 2.876e+04
12126.870 2.168e+04
12131.800 -1.354e+04
12143.060 4.051e+04
12160.170 7.741e+04
12162.000 -4.680e+04
12167.916 1.065e+05
12187.699 8.793e+04
12201.385 6.835e+04
12206.880 3.372e+04
12207.875 5.876e+04
12218.000 -2.632e+04
12232.750 2.434e+04
12238.590 2.422e+04
12243.910 2.490e+04
12261.160 1.675e+04
12276.240 1.497e+04
12285.450 1.910e+04
12310.620 1.386e+04
12324.450 1.315e+04
12346.770 3.492e+04
12378.226 2.561e+04
12381.500 -1.855e+04
12396.117 7.339e+04
12406.221 7.345e+04
12407.046 6.558e+04
12410.486 4.506e+04
12412.500 1.538e+04
12418.485 2.866e+04
12442.724 1.210e+05
12454.620 2.563e+04
12459.530 4.915e+04
12491.080 9.568e+04
12512.431 5.181e+04
12548.758 4.624e+04
12593.440 3.919e+04
12601.330 2.411e+04
12623.821 1.757e+04
12626.850 9.984e+03
12683.629 1.639e+04
12705.756 2.456e+04
12716.100 1.808e+04
12735.770 2.197e+04
12735.885 4.178e+04
12736.342 2.591e+04
12736.901 4.623e+04
12742.080 3.497e+04
12749.719 2.703e+04
12786.020 5.600e+04
12786.272 3.405e+04
12806.241 3.984e+04
12828.590 7.640e+04
12850.571 5.864e+04
12865.410 1.064e+05
12879.690 3.663e+04
12882.260 3.770e+04
12918.100 1.038e+05
12919.170 9.819e+04
12936.733 9.802e+04
12938.020 9.694e+04
12960.203 1.813e+05
12978.139 1.033e+05
12981.530 9.190e+04
12988.870 8.816e+04
13011.822 6.014e+04
13025.970 2.343e+04
13074.414 1.123e+04
13083.841 1.407e+04
13123.705 5.857e+03
13181.015 1.080e+04
13193.726 1.158e+04
13213.560 -1.810e+04
13214.280 2.429e+04
13217.600 3.854e+04
13231.725 4.000e+04
13234.245 4.898e+04
13234.520 4.898e+04
13243.861 4.456e+04
13244.310 4.276e+04
13254.023 5.084e+04
13262.514 6.405e+04
13276.270 8.776e+04
13307.940 0.000e+00
13308.672 0.000e+00
13316.851 0.000e+00
13335.500 0.000e+00
13341.530 0.000e+00
13368.440 0.000e+00
13370.766 0.000e+00
13428.596 0.000e+00
13430.240 0.000e+00
13437.505 0.000e+00
13454.011 0.000e+00
13472.060 0.000e+00
13474.500 0.000e+00
13476.408 0.000e+00
13482.900 0.000e+00
13483.413 0.000e+00
13503.100 0.000e+00
13507.884 0.000e+00
13509.270 0.000e+00
13546.860 0.000e+00
13573.920 0.000e+00
13577.329 0.000e+00
13603.052 0.000e+00
13626.141 0.000e+00
13626.384 0.000e+00
13637.278 0.000e+00
13637.949 0.000e+00
13638.000 0.000e+00
13660.210 0.000e+00
13662.120 0.000e+00
13677.250 0.000e+00
13682.290 0.000e+00
13710.357 0.000e+00
13714.770 0.000e+00
13722.328 0.000e+00
13723.945 0.000e+00
13727.942 0.000e+00
13742.612 0.000e+00
13767.480 0.000e+00
13802.727 0.000e+00
13803.800 0.000e+00
13818.200 0.000e+00
13829.495 0.000e+00
13836.660 0.000e+00
13858.825 0.000e+00
13886.650 0.000e+00
13911.280 0.000e+00
13923.400 1.305e+03
13927.850 8.368e+03
13942.810 7.493e+03
13942.972 8.271e+03
13952.422 8.927e+03
13954.360 1.289e+05
13976.164 9.964e+03
13977.880 9.132e+03
13978.180 9.132e+03
13983.000 5.519e+03
14003.720 9.458e+03
14054.500 4.143e+03
14058.494 8.564e+03
14068.000 6.822e+03
14073.975 9.690e+03
14081.620 1.223e+04
14088.911 1.244e+05
14097.493 2.480e+05
14108.150 1.262e+04
14132.000 7.236e+03
14145.960 2.159e+05
14160.490 1.108e+04
14164.000 1.231e+04
14219.500 3.832e+03
14228.638 1.252e+04
14237.171 9.318e+03
14245.280 1.050e+05
14254.340 7.451e+04
14345.170 3.014e+04
14351.400 3.044e+04
14358.500 2.502e+04
14368.830 3.697e+04
14388.710 5.268e+03
14406.220 1.982e+04
14428.100 1.100e+04
14430.736 2.025e+05
14472.810 1.730e+04
14507.400 6.854e+03
14521.600 1.156e+04
14629.281 4.747e+04
14663.850 1.220e+04
14665.306 1.395e+04
14719.570 9.319e+03
14736.410 1.259e+06
14738.469 2.143e+05
14746.300 2.066e+05
14766.720 1.070e+05
14769.520 1.013e+05
14781.262 1.301e+04
14815.500 6.274e+03
14854.100 8.020e+03
14858.794 1.131e+04
14965.980 6.284e+04
14977.830 1.797e+04
15005.462 1.065e+04
15009.440 2.793e+04
15050.610 6.499e+05
15064.200 3.886e+03
15103.800 1.202e+04
15145.912 6.708e+03
15168.133 9.300e+04
15176.840 1.221e+05
15190.000 8.784e+03
15213.700 3.277e+04
15234.715 8.789e+03
15243.787 4.634e+05
15258.500 8.783e+03
15270.100 7.317e+03
15278.899 9.886e+03
15280.959 1.008e+04
15281.900 5.470e+03
15296.000 1.600e+03
15300.000 2.542e+06
15330.670 1.826e+05
15333.100 2.327e+03
15333.530 1.178e+05
15339.158 4.148e+05
15376.242 1.636e+05
15399.179 7.601e+03
15422.220 1.029e+06
15430.841 7.698e+03
15437.850 1.053e+04
15475.236 6.286e+04
15478.261 3.018e+04
15495.200 2.313e+03
15509.480 6.146e+03
15522.500 2.363e+03
15561.400 1.858e+04
15639.250 9.025e+03
15652.083 5.503e+03
15685.280 3.554e+04
15691.070 3.075e+04
15726.900 2.520e+03
15775.750 7.463e+03
15824.412 1.477e+04
15827.180 2.706e+04
15870.800 1.773e+03
15895.020 1.172e+04
15930.130 5.806e+03
15940.710 4.645e+03
15983.900 4.326e+04
15993.860 9.603e+04
16044.300 7.205e+04
16056.410 2.862e+05
16056.700 4.436e+03
16090.500 5.920e+03
16109.419 6.708e+03
16113.730 6.989e+03
16156.821 8.356e+03
16248.740 5.355e+03
16281.765 7.171e+03
16291.016 7.942e+03
16315.918 5.550e+03
16319.715 1.352e+04
16351.390 8.773e+03
16367.090 6.291e+03
16421.239 7.233e+03
16470.370 1.049e+04
16474.900 7.938e+03
16498.577 6.509e+03
16524.370 1.471e+05
16559.000 2.014e+04
16564.980 8.831e+03
16567.400 1.068e+04
16577.580 1.110e+04
16657.960 8.048e+03
16669.700 4.636e+03
16731.100 6.456e+04
16732.727 8.433e+05
16750.295 1.483e+04
16754.142 1.973e+04
16789.718 1.067e+06
16839.100 8.301e+03
16858.102 1.190e+05
16886.090 9.870e+04
16887.690 4.544e+03
16895.067 7.021e+05
16901.380 5.082e+05
16908.852 6.530e+03
16923.400 5.186e+04
16924.780 1.884e+05
16937.900 1.672e+05
16940.439 2.723e+05
16945.210 7.207e+05
16946.630 2.129e+05
16999.130 9.388e+03
17019.000 1.184e+04
17020.327 8.180e+03
17072.421 8.372e+03
17074.690 9.815e+03
17077.450 4.157e+05
17083.342 7.718e+03
17091.640 7.495e+03
17103.449 8.410e+04
17114.600 3.795e+05
17121.430 2.589e+05
17143.474 9.159e+03
17145.300 5.861e+03
17184.603 7.381e+03
17203.370 7.925e+04
17210.850 6.393e+04
17217.900 4.372e+04
17235.430 1.503e+04
17274.000 1.930e+04
17330.530 3.053e+05
17334.140 8.940e+04
17366.520 8.572e+03
17369.860 5.833e+03
17372.357 7.921e+04
17384.618 7.333e+03
17398.961 7.819e+03
17409.190 1.834e+04
17423.525 5.408e+03
17440.940 7.316e+04
17472.248 9.237e+03
17487.746 8.322e+03
17552.978 8.081e+03
17582.973 9.014e+03
17608.562 8.396e+03
17621.650 1.950e+04
17631.931 8.730e+03
17634.674 7.982e+03
17635.360 1.008e+04
17637.369 8.076e+03
17665.853 5.060e+03
17673.283 7.555e+03
17678.372 8.417e+03
17691.399 7.173e+03
17701.000 6.098e+03
17749.340 6.967e+03
17756.378 8.431e+03
17775.570 1.203e+04
17786.683 7.457e+03
17815.146 6.298e+03
17817.510 7.727e+03
17820.291 1.387e+04
17826.320 2.391e+04
17839.975 9.293e+03
17847.617 7.587e+04
17849.880 8.760e+03
17858.522 9.173e+03
17861.393 8.526e+03
17865.703 7.194e+03
17910.210 1.433e+05
17922.435 3.498e+05
17940.375 7.739e+03
17941.057 7.739e+03
17942.335 6.903e+03
17965.013 6.987e+03
17985.000 7.525e+03
18005.416 6.883e+03
18007.146 8.093e+04
18014.627 6.818e+03
18033.176 7.555e+03
18035.277 7.368e+03
18043.566 7.255e+03
18056.087 6.536e+03
18070.195 5.572e+03
18089.000 5.282e+03
18104.380 1.041e+04
18129.642 5.610e+03
18135.330 9.061e+04
18136.221 4.371e+03
18158.661 5.737e+03
18161.346 5.849e+03
18163.658 5.451e+03
18170.760 6.332e+03
18172.288 6.323e+05
18190.040 1.199e+04
18205.592 7.054e+03
18242.665 6.961e+03
18254.249 6.654e+03
18259.075 6.414e+03
18268.509 5.468e+03
18277.870 7.392e+03
18288.999 5.637e+03
18299.510 5.780e+03
18318.260 5.677e+03
18340.554 5.834e+03
18389.860 5.472e+03
18395.810 5.711e+03
18408.863 1.637e+04
18423.850 1.081e+04
18432.392 7.002e+04
18432.520 7.002e+04
18432.790 7.002e+04
18443.583 3.246e+04
18467.193 6.384e+03
18467.584 6.384e+03
18475.460 5.909e+03
18475.797 5.909e+03
18486.236 6.149e+03
18494.297 7.557e+03
18494.518 7.557e+03
18500.903 5.630e+03
18525.054 9.746e+03
18528.989 4.665e+03
18529.335 4.960e+03
18544.000 1.334e+04
18566.134 8.326e+03
18580.007 1.584e+04
18582.123 6.855e+03
18585.960 1.422e+04
18609.545 8.320e+03
18644.507 1.295e+04
18646.127 5.929e+03
18646.142 5.929e+03
18650.865 6.232e+03
18651.354 5.825e+03
18675.620 9.638e+03
18691.259 4.746e+03
18701.411 2.993e+04
18764.404 1.010e+04
18767.515 4.818e+03
18790.610 4.302e+04
18792.860 4.538e+04
18793.276 9.627e+04
18796.780 5.922e+04
18802.840 3.066e+04
18809.093 5.472e+03
18809.970 5.472e+03
18902.346 3.470e+03
18937.546 3.832e+03
18941.893 4.451e+03
18977.276 5.134e+03
18979.603 5.195e+03
18994.802 2.721e+03
19028.210 5.527e+03
19039.613 4.912e+03
19062.332 4.391e+03
19071.274 4.224e+03
19111.268 4.341e+03
19176.992 4.023e+03
19380.248 4.015e+03
19398.117 3.080e+03
19464.742 2.918e+03
19467.831 4.486e+03
19471.990 9.060e+02
19486.000 6.861e+03
19486.489 3.743e+03
19512.229 5.406e+03
19529.351 4.924e+03
19533.333 5.542e+03
19543.499 4.252e+03
19576.000 2.859e+03
19586.468 5.056e+03
19614.276 4.804e+03
19618.950 4.708e+03
19620.803 4.031e+03
19644.238 3.927e+03
19655.507 4.613e+03
19671.334 4.415e+03
19688.462 3.812e+03
19705.550 8.830e+04
19711.792 4.934e+03
19717.081 5.029e+03
19768.846 3.730e+03
19773.779 3.757e+03
19773.966 3.757e+03
19782.702 6.103e+03
19815.764 2.150e+04
19831.838 5.480e+03
19855.079 5.084e+03
19856.919 5.712e+03
19881.903 4.980e+03
19885.814 5.224e+03
19905.522 5.745e+03
19928.391 5.583e+03
19957.858 1.005e+04
20006.955 5.747e+03
20034.268 5.431e+03
20063.902 5.642e+03
20083.810 4.026e+03
20125.723 5.506e+03
20138.961 4.110e+03
20144.183 5.124e+03
20186.121 5.162e+03
20192.711 1.560e+04
20215.410 1.102e+04
20217.838 5.048e+03
20251.167 4.487e+03
20267.774 2.857e+05
20287.972 8.007e+03
20290.246 5.906e+03
20294.552 5.340e+03
20332.197 6.135e+03
20362.513 4.755e+03
20366.699 4.127e+03
20383.627 4.921e+03
20388.330 5.504e+03
20388.982 5.504e+03
20392.961 4.901e+03
20419.991 6.063e+03
20424.600 1.736e+04
20429.570 1.351e+04
20433.089 5.564e+03
20464.801 4.325e+03
20587.808 5.689e+03
20589.642 6.157e+03
20599.091 3.663e+03
20601.474 7.520e+03
20613.483 9.159e+04
20619.137 9.656e+04
20621.860 7.431e+04
20628.503 2.425e+04
20631.756 1.538e+04
20652.382 1.119e+04
20654.206 9.783e+03
20708.077 6.460e+03
20721.329 4.708e+03
20751.092 4.940e+03
20789.091 5.236e+03
20838.028 4.752e+03
20844.592 6.307e+03
20847.438 5.328e+03
20848.409 4.266e+03
20857.615 5.769e+03
20919.632 4.554e+03
20921.965 4.769e+03
20930.150 4.127e+03
20932.840 4.835e+03
20936.984 6.143e+03
20942.038 6.092e+03
20946.893 5.840e+03
20969.811 1.248e+04
20991.840 5.854e+04
21016.436 -5.601e+03
21025.884 4.246e+03
21044.361 5.239e+03
21046.382 5.102e+03
21061.868 6.369e+03
21086.000 1.242e+04
21120.419 6.244e+03
21128.329 5.702e+03
21171.300 8.264e+03
21225.461 5.396e+03
21242.799 7.758e+03
21251.980 7.376e+03
21280.064 4.338e+03
21378.892 6.144e+03
21404.738 4.347e+03
21426.429 5.328e+03
21434.456 4.643e+03
21441.311 4.387e+03
21475.961 1.085e+04
21480.233 3.710e+03
21505.952 4.289e+03
21566.893 3.229e+03
21607.080 3.846e+03
21697.526 4.522e+03
21726.972 2.918e+03
21747.682 3.001e+03
21770.255 3.573e+03
21775.068 2.771e+03
21885.376 4.860e+03
21908.510 1.898e+04
21939.368 3.675e+03
21947.805 4.338e+03
22003.454 3.228e+03
22010.763 3.602e+03
22014.751 3.351e+03
22025.840 3.949e+03
22052.979 4.551e+03
22104.867 3.653e+03
22129.379 2.188e+03
22202.669 2.348e+03
22251.677 2.161e+03
22275.900 -1.582e+03
22342.492 1.522e+03
22359.562 2.310e+03
22381.521 5.158e+03
22392.500 -6.180e+02
22402.532 2.857e+03
22412.900 1.571e+03
22442.437 2.659e+03
22450.605 3.183e+03
22471.578 2.244e+03
22491.900 2.724e+03
22499.420 3.250e+03
22527.730 1.459e+03
22538.613 2.166e+03
22553.425 1.836e+03
22558.212 1.804e+03
22624.500 1.484e+03
22670.927 2.104e+03
22729.108 2.050e+03
22748.100 2.500e+03
22766.321 3.087e+03
22803.764 2.298e+03
22898.145 2.635e+03
22971.100 5.650e+02
23028.700 1.029e+03
23049.345 3.913e+03
23079.800 4.350e+02
23086.036 1.317e+03
23094.886 3.246e+03
23111.600 -1.494e+03
23139.044 3.813e+03
23139.510 3.813e+03
23139.516 3.813e+03
23198.000 1.269e+04
23225.133 2.771e+03
23259.100 2.084e+03
23259.420 8.331e+03
23285.900 7.930e+02
23346.790 2.198e+03
23372.376 3.097e+03
23421.505 2.898e+03
23424.020 2.899e+03
23450.000 2.897e+03
23459.557 3.500e+03
23508.900 2.359e+03
23675.115 2.585e+03
23772.604 3.109e+03
23803.000 3.471e+03
23941.100 3.417e+03
23952.645 8.280e+03
23973.060 3.164e+03
23998.936 1.048e+03
24016.934 0.000e+00
24096.140 0.000e+00
24102.512 0.000e+00
24109.595 0.000e+00
24202.906 0.000e+00
24267.180 0.000e+00
24296.281 0.000e+00
24297.861 0.000e+00
24298.900 0.000e+00
24379.658 0.000e+00
24450.300 0.000e+00
24451.693 0.000e+00
24529.323 0.000e+00
24566.762 0.000e+00
24575.410 0.000e+00
24709.000 0.000e+00
24775.390 0.000e+00
24783.000 0.000e+00
24802.432 0.000e+00
24813.772 0.000e+00
24832.200 0.000e+00
