8004.150 0.000e+00
8005.461 0.000e+00
8008.000 0.000e+00
8010.650 0.000e+00
8011.790 0.000e+00
8016.460 0.000e+00
8022.280 0.000e+00
8022.280 0.000e+00
8031.878 0.000e+00
8031.878 0.000e+00
8033.850 0.000e+00
8037.610 0.000e+00
8040.470 0.000e+00
8040.470 0.000e+00
8042.771 0.000e+00
8044.392 0.000e+00
8049.490 0.000e+00
8059.474 0.000e+00
8063.556 0.000e+00
8067.158 0.000e+00
8076.210 0.000e+00
8082.530 0.000e+00
8099.467 0.000e+00
8104.208 0.000e+00
8110.139 0.000e+00
8111.690 0.000e+00
8118.170 0.000e+00
8118.170 0.000e+00
8120.522 0.000e+00
8125.524 0.000e+00
8139.070 0.000e+00
8144.800 0.000e+00
8154.040 0.000e+00
8167.615 0.000e+00
8173.266 0.000e+00
8185.180 0.000e+00
8198.983 0.000e+00
8208.592 0.000e+00
8217.110 0.000e+00
8233.896 0.000e+00
8241.560 0.000e+00
8265.000 0.000e+00
8268.792 0.000e+00
8282.392 0.000e+00
8287.980 0.000e+00
8299.830 0.000e+00
8299.991 0.000e+00
8318.500 0.000e+00
8326.188 0.000e+00
8326.868 0.000e+00
8331.730 0.000e+00
8341.400 0.000e+00
8349.116 0.000e+00
8349.530 0.000e+00
8349.744 0.000e+00
8351.345 0.000e+00
8353.600 0.000e+00
8353.600 0.000e+00
8373.681 0.000e+00
8375.091 0.000e+00
8380.600 0.000e+00
8394.676 0.000e+00
8404.339 0.000e+00
8411.500 0.000e+00
8439.869 0.000e+00
8452.692 0.000e+00
8468.000 0.000e+00
8470.100 0.000e+00
8471.880 0.000e+00
8484.970 0.000e+00
8503.356 0.000e+00
8517.530 0.000e+00
8524.891 0.000e+00
8532.444 0.000e+00
8556.320 0.000e+00
8561.710 0.000e+00
8567.050 0.000e+00
8567.500 0.000e+00
8569.100 0.000e+00
8578.366 0.000e+00
8586.400 0.000e+00
8606.590 0.000e+00
8626.609 0.000e+00
8631.310 0.000e+00
8650.916 0.000e+00
8694.587 0.000e+00
8699.249 0.000e+00
8712.032 0.000e+00
8713.933 0.000e+00
8718.580 0.000e+00
8741.772 0.000e+00
8754.540 0.000e+00
8760.605 0.000e+00
8762.550 0.000e+00
8788.290 0.000e+00
8799.340 0.000e+00
8807.030 0.000e+00
8807.030 0.000e+00
8821.832 0.000e+00
8853.870 0.000e+00
8858.170 0.000e+00
8864.753 0.000e+00
8871.840 0.000e+00
8888.150 0.000e+00
8899.100 0.000e+00
8905.100 0.000e+00
8911.176 0.000e+00
8933.282 0.000e+00
8954.709 0.000e+00
8955.238 0.000e+00
8983.516 0.000e+00
8990.037 0.000e+00
9020.300 0.000e+00
9028.460 0.000e+00
9034.660 0.000e+00
9047.930 0.000e+00
9098.630 0.000e+00
9108.740 0.000e+00
9114.740 0.000e+00
9134.100 0.000e+00
9144.310 0.000e+00
9154.630 0.000e+00
9165.167 0.000e+00
9170.040 0.000e+00
9196.300 0.000e+00
9199.700 0.000e+00
9205.730 0.000e+00
9213.910 0.000e+00
9219.040 0.000e+00
9224.920 0.000e+00
9228.920 0.000e+00
9247.720 0.000e+00
9262.140 0.000e+00
9268.210 0.000e+00
9290.900 0.000e+00
9304.500 0.000e+00
9307.320 0.000e+00
9309.190 0.000e+00
9334.230 0.000e+00
9336.640 0.000e+00
9376.590 0.000e+00
9377.330 0.000e+00
9403.170 0.000e+00
9414.590 0.000e+00
9444.050 0.000e+00
9445.270 0.000e+00
9447.930 0.000e+00
9450.200 0.000e+00
9477.830 0.000e+00
9499.680 0.000e+00
9508.390 0.000e+00
9515.987 0.000e+00
9587.770 0.000e+00
9593.980 0.000e+00
9607.130 0.000e+00
9608.430 0.000e+00
9618.350 0.000e+00
9619.590 0.000e+00
9671.590 0.000e+00
9674.300 0.000e+00
9687.980 0.000e+00
9701.340 0.000e+00
9703.650 0.000e+00
9712.690 0.000e+00
9720.830 0.000e+00
9777.500 0.000e+00
9802.384 0.000e+00
9840.500 0.000e+00
9925.919 0.000e+00
9969.310 0.000e+00
10026.470 0.000e+00
10026.470 0.000e+00
10059.600 0.000e+00
10060.720 0.000e+00
10063.720 0.000e+00
10087.550 0.000e+00
10110.110 0.000e+00
10122.570 0.000e+00
10128.250 0.000e+00
10191.150 0.000e+00
10223.600 0.000e+00
10253.880 0.000e+00
10326.700 0.000e+00
10423.380 0.000e+00
10487.700 0.000e+00
10510.790 0.000e+00
10518.030 0.000e+00
10530.742 0.000e+00
10552.650 0.000e+00
10709.710 0.000e+00
10761.810 0.000e+00
10841.310 0.000e+00
10898.308 0.000e+00
10917.300 0.000e+00
11088.273 0.000e+00
11119.730 0.000e+00
11130.236 0.000e+00
11133.860 0.000e+00
11144.196 0.000e+00
11165.730 0.000e+00
11178.560 0.000e+00
11217.960 0.000e+00
11292.190 0.000e+00
11312.660 0.000e+00
11418.170 0.000e+00
11494.370 0.000e+00
11540.560 0.000e+00
11617.260 0.000e+00
11745.450 0.000e+00
11796.790 0.000e+00
11860.560 0.000e+00
11861.110 0.000e+00
11877.610 0.000e+00
11915.360 0.000e+00
11954.370 0.000e+00
11956.270 0.000e+00
12088.110 0.000e+00
12206.880 0.000e+00
12238.590 0.000e+00
12261.160 0.000e+00
12276.240 0.000e+00
12412.500 0.000e+00
12454.620 0.000e+00
12593.440 0.000e+00
12626.850 0.000e+00
0.000 0.000e+00
0.000 0.000e+00
13335.500 0.000e+00
13474.500 0.000e+00
13546.860 0.000e+00
13660.210 0.000e+00
13818.200 0.000e+00
13923.400 1.305e+03
14054.500 4.143e+03
14132.000 7.236e+03
14145.960 2.159e+05
14219.500 3.832e+03
14245.280 1.050e+05
14358.500 2.502e+04
14368.830 3.697e+04
14388.710 5.268e+03
14428.100 3.665e+03
14428.100 3.665e+03
14428.100 3.665e+03
14507.400 6.854e+03
14663.850 1.220e+04
14736.410 1.259e+06
14746.300 2.066e+05
0.000 0.000e+00
14815.500 6.274e+03
14854.100 8.020e+03
15064.200 3.886e+03
15103.800 1.202e+04
15281.900 5.470e+03
15296.000 1.600e+03
15333.100 2.327e+03
15422.220 1.029e+06
15495.200 2.313e+03
15522.500 2.363e+03
15561.400 1.858e+04
15726.900 2.520e+03
15870.800 1.773e+03
15983.900 4.326e+04
16044.300 7.205e+04
16056.410 2.862e+05
16559.000 2.014e+04
0.000 0.000e+00
16669.700 4.636e+03
16732.727 8.433e+05
16750.295 1.483e+04
16839.100 8.301e+03
16887.690 4.544e+03
17145.300 5.861e+03
17330.530 3.053e+05
17369.860 5.833e+03
17487.746 8.322e+03
17665.853 5.060e+03
18277.870 7.392e+03
18486.236 6.149e+03
18793.276 9.627e+04
18796.780 5.922e+04
19471.990 9.060e+02
20192.711 1.560e+04
20267.774 2.857e+05
20287.972 8.007e+03
20599.091 3.663e+03
20848.409 4.266e+03
20857.615 5.769e+03
21378.892 6.144e+03
21475.961 1.085e+04
22275.900 -1.582e+03
22392.500 -6.180e+02
22412.900 1.571e+03
22624.500 1.484e+03
22748.100 1.250e+03
22748.100 1.250e+03
22971.100 5.650e+02
23028.700 1.029e+03
23079.800 4.350e+02
23111.600 -1.494e+03
23198.000 1.269e+04
23259.100 2.084e+03
23285.900 7.930e+02
23450.000 2.897e+03
23803.000 3.471e+03
23941.100 3.417e+03
24450.300 0.000e+00
24709.000 0.000e+00
0.000 0.000e+00
24783.000 0.000e+00
24832.200 0.000e+00
