6967.351257 1 1 Ar
7069.166085 2 2 Ar
7149.011114 3 3 Ar
7274.939489 4 4 Ar
7374.148903 5 5 Ar
7386.014064 6 6 Ar
7505.934304 7 7 Ar
7516.720456 8 8 Ar
7637.207123 9 9 Ar
7725.885699 10 10 Ar
7726.33244 11 11 Ar
7950.362137 12 12 Ar
8008.358163 13 13 Ar
8016.989604 14 14 Ar
8105.920386 15 15 Ar
8117.542272 16 16 Ar
8266.793226 17 17 Ar
8410.51912 18 18 Ar
8426.962363 19 19 Ar
8523.782333 20 20 Ar
8670.323821 21 21 Ar
8764.095953 22 22 Ar
8996.572666 23 23 Ar
9125.470566 24 24 Ar
9197.161388 25 25 Ar
9227.029416 26 26 Ar
9294.081083 27 27 Ar
9356.784504 28 28 Ar
9660.434566 29 29 Ar
9787.185098 30 30 Ar
10054.79259 31 31 Ar
10166.16392 32 32 Ar
10335.59256 33 33 Ar
10472.92175 34 34 Ar
10480.90479 35 35 Ar
10508.99696 36 36 Ar
10509.3791 37 37 Ar
10676.49018 38 38 Ar
10684.69788 39 39 Ar
10703.9163 40 40 Ar
10762.06737 41 41 Ar
10883.92135 42 42 Ar
10953.72555 43 43 Ar
11081.90168 44 44 Ar
11109.50147 45 45 Ar
11396.82314 46 46 Ar
11444.96454 47 47 Ar
11470.68523 48 48 Ar
11491.25273 49 49 Ar
11491.25326 50 50 Ar
11583.55945 51 51 Ar
11583.61581 52 52 Ar
11671.90327 53 53 Ar
11681.68756 54 54 Ar
11690.8035 55 55 Ar
11722.6945 56 56 Ar
11736.44728 57 57 Ar
11887.7299 58 58 Ar
11899.88862 59 59 Ar
11946.57064 60 60 Ar
11947.14012 61 61 Ar
12029.93915 62 62 Ar
12115.63893 63 63 Ar
12143.05932 64 64 Ar
12153.22297 65 65 Ar
12154.69425 66 66 Ar
12346.76888 67 67 Ar
12359.19937 68 68 Ar
12359.67749 69 69 Ar
12406.22137 70 70 Ar
12422.81241 71 71 Ar
12423.4282 72 72 Ar
12442.72458 73 73 Ar
12459.52213 74 74 Ar
12491.07981 75 75 Ar
12557.75941 76 76 Ar
12599.6554 77 77 Ar
12599.72208 78 78 Ar
12625.07185 79 79 Ar
12641.93735 80 80 Ar
12705.75541 81 81 Ar
12736.90159 82 82 Ar
12749.71919 83 83 Ar
12806.23879 84 84 Ar
12936.73445 85 85 Ar
12960.2022 86 86 Ar
13011.82163 87 87 Ar
13031.98858 88 88 Ar
13110.70139 89 89 Ar
13112.69906 90 90 Ar
13217.60527 91 91 Ar
13231.72253 92 92 Ar
13234.51562 93 93 Ar
13276.26487 94 94 Ar
13305.94969 95 95 Ar
13316.85062 96 96 Ar
13333.75824 97 97 Ar
13333.8258 98 98 Ar
13370.76613 99 99 Ar
13410.17902 100 100 Ar
13410.25276 101 101 Ar
13503.09788 102 102 Ar
13507.88219 103 103 Ar
13547.90872 104 104 Ar
13577.33064 105 105 Ar
13603.051 106 106 Ar
13626.38417 107 107 Ar
13682.29011 108 108 Ar
13722.32841 109 109 Ar
13829.49696 110 110 Ar
13832.10235 111 111 Ar
13832.17505 112 112 Ar
13911.27832 113 113 Ar
13914.3599 114 114 Ar
13996.63381 115 115 Ar
14097.49262 116 116 Ar
14253.08897 117 117 Ar
14260.76609 118 118 Ar
14599.72304 119 119 Ar
14600.46059 120 120 Ar
14638.41433 121 121 Ar
14638.50433 122 122 Ar
14654.35076 123 123 Ar
14697.02307 124 124 Ar
14697.69919 125 125 Ar
14743.16739 126 126 Ar
14789.42083 127 127 Ar
14790.10548 128 128 Ar
15034.620 9.999e+03 999 argon_id_lines.tsv_gemini
15050.61673 129 129 Ar
15176.83747 130 130 Ar
15306.06232 131 131 Ar
15306.15134 132 132 Ar
15333.53349 133 133 Ar
15352.71009 134 134 Ar
15353.44789 135 135 Ar
15357.32424 136 136 Ar
15406.84865 137 137 Ar
15559.710 999 999 ArI_NIST
15563.93443 999 999 argon_id_lines.tsv_gemini
15739.208 1.026e+04 117 ArI_NIST
15821.09756 138 138 Ar
15887.50376 139 139 Ar
15904.03126 140 140 Ar
15993.86092 141 141 Ar
16127.06059 142 142 Ar
16184.44309 143 143 Ar
16268.513 1.090e+04 999 ArI_NIST
16441.06511 144 144 Ar
16524.38073 145 145 Ar
16553.8275 146 146 Ar
16554.92095 147 147 Ar
16744.65209 148 148 Ar
16945.21206 149 149 Ar
17406.66156 150 150 Ar
17449.66818 151 151 Ar
17450.01226 152 152 Ar
17828.85865 153 153 Ar
17892.06113 154 154 Ar
17893.06318 155 155 Ar
17919.52199 156 156 Ar
17919.61833 157 157 Ar
18423.07675 158 158 Ar
18423.20572 159 159 Ar
18432.79918 160 160 Ar
18433.42437 161 161 Ar
18434.48798 162 162 Ar
18566.1331 999 999 ArII_NIST
18580.0070 999 999 ArII_NIST
18637.37666 163 163 Ar
19822.91791 164 164 Ar
19950.320 9.999e+03 999 argon_id_lines.tsv_gemini
19971.18158 165 165 Ar
20322.55967 166 166 Ar
20621.8562 167 167 Ar
20652.7679 168 168 Ar
20739.2936 169 169 Ar
20741.00991 170 170 Ar
20816.72332 171 171 Ar
20991.83921 172 172 Ar
21338.70955 173 173 Ar
21540.08599 174 174 Ar
22045.57835 175 175 Ar
22083.20599 176 176 Ar
23139.51904 177 177 Ar
23851.54228 178 178 Ar
23973.06003 179 179 Ar
25132.12587 180 180 Ar
25494.60165 181 181 Ar
25512.18909 182 182 Ar
25668.02314 183 183 Ar
26241.79452 184 184 Ar
26550.27733 185 185 Ar
26843.02174 186 186 Ar
26917.05268 187 187 Ar
27233.02647 188 188 Ar
27293.20214 189 189 Ar
27363.80147 190 190 Ar
27793.50427 191 191 Ar
28202.4121 192 192 Ar
28245.95447 193 193 Ar
28321.76814 194 194 Ar
28435.02171 195 195 Ar
28505.72694 196 196 Ar
28538.39741 197 197 Ar
28620.23015 198 198 Ar
28697.87139 199 199 Ar
28712.77747 200 200 Ar
28782.93379 201 201 Ar
28843.08927 202 202 Ar
28989.17081 203 203 Ar
29108.4885 204 204 Ar
29134.0317 205 205 Ar
29262.85978 206 206 Ar
29280.66484 207 207 Ar
29566.29206 208 208 Ar
29796.79184 209 209 Ar
30462.07 210 210 Ar
30552.82278 211 211 Ar
30996.22807 212 212 Ar
31333.02272 213 213 Ar
31727.29753 214 214 Ar
31825.44381 215 215 Ar
31827.87485 216 216 Ar
32235.3438 217 217 Ar
32256.26441 218 218 Ar
32305.91896 219 219 Ar
32333.8718 220 220 Ar
32888.62432 221 221 Ar
33078.77014 222 222 Ar
33148.43138 223 223 Ar
33293.4367 224 224 Ar
34960.5121 225 225 Ar
35228.75794 226 226 Ar
35231.24025 227 227 Ar
36220.8472 228 228 Ar
36312.42924 229 229 Ar
36390.45944 230 230 Ar
36395.04198 231 231 Ar
36491.9953 232 232 Ar
37013.58139 233 233 Ar
37085.90802 234 234 Ar
37143.54271 235 235 Ar
37186.195 236 236 Ar
37261.22541 237 237 Ar
37921.83778 238 238 Ar
38120.72452 239 239 Ar
38331.21234 240 240 Ar
38811.18243 241 241 Ar
38960.94282 242 242 Ar
39180.10152 243 243 Ar
39329.85081 244 244 Ar
39498.30829 245 245 Ar
39664.28152 246 246 Ar
39670.73292 247 247 Ar
39748.78766 248 248 Ar
39909.16674 249 249 Ar
40008.14566 250 250 Ar
40080.32096 251 251 Ar
40092.21209 252 252 Ar
40097.83873 253 253 Ar
40164.83649 254 254 Ar
40169.67671 255 255 Ar
40433.11958 256 256 Ar
40490.74786 257 257 Ar
40891.21587 258 258 Ar