8008.359 0.000e+00 0 ArI
8016.990 0.000e+00 1 ArI
8018.942 0.000e+00 2 ArI
8039.429 0.000e+00 3 ArI
8048.330 0.000e+00 4 ArI
8055.523 0.000e+00 5 ArI
8068.823 0.000e+00 6 ArI
8105.921 0.000e+00 7 ArI
8117.542 0.000e+00 8 ArI
8154.109 0.000e+00 9 ArI
8205.690 0.000e+00 10 ArI
8266.794 0.000e+00 11 ArI
8387.030 0.000e+00 12 ArI
8394.580 0.000e+00 13 ArI
8410.521 0.000e+00 14 ArI
8426.963 0.000e+00 15 ArI
8492.639 0.000e+00 16 ArI
8523.783 0.000e+00 17 ArI
8608.140 0.000e+00 18 ArI
8622.828 0.000e+00 19 ArI
8670.325 0.000e+00 20 ArI
8764.093 0.000e+00 21 ArI
8786.969 0.000e+00 22 ArI
8801.504 0.000e+00 23 ArI
8852.340 0.000e+00 24 ArI
8964.607 0.000e+00 25 ArI
9059.979 1.367e+05 26 ArI
9077.885 1.217e+05 27 ArI
9125.471 4.158e+06 28 ArI
9197.161 1.882e+05 29 ArI
9227.030 8.076e+05 30 ArI
9294.081 7.426e+04 31 ArI
9356.787 4.049e+05 32 ArI
9660.435 2.894e+06 33 ArI
9787.186 7.337e+05 34 ArI
10054.820 6.550e+04 35 ArI
10335.550 6.563e+04 36 ArI
10472.923 1.411e+06 37 ArI
10480.905 1.299e+05 38 ArI
10508.997 2.629e+04 39 ArI
10509.380 2.338e+04 40 ArI
10676.489 1.074e+05 41 ArI
10684.699 1.544e+04 42 ArI
10686.331 1.866e+04 43 ArI
10736.810 3.167e+04 44 ArI
10762.110 4.531e+04 45 ArI
10953.725 2.165e+04 46 ArI
11081.903 5.858e+04 47 ArI
11109.500 5.441e+04 48 ArI
11251.430 2.972e+04 49 ArI
11396.823 4.561e+04 50 ArI
11444.965 4.032e+04 51 ArI
11470.685 7.600e+04 52 ArI
11491.254 8.690e+04 53 ArI
11583.559 5.048e+04 54 ArI
11583.616 5.048e+04 55 ArI
11671.904 3.785e+04 56 ArI
11722.696 5.253e+04 57 ArI
11736.447 5.884e+04 58 ArI
11946.571 2.511e+04 59 ArI
11947.140 2.385e+04 60 ArI
12029.939 6.621e+04 61 ArI
12115.641 4.577e+04 62 ArI
12143.060 4.051e+04 63 ArI
12346.770 3.492e+04 64 ArI
12359.199 3.804e+04 65 ArI
12359.677 3.804e+04 66 ArI
12406.221 7.345e+04 67 ArI
12442.724 1.210e+05 68 ArI
12459.530 4.915e+04 69 ArI
12491.080 9.568e+04 70 ArI
12557.759 5.098e+04 71 ArI
12625.072 1.306e+04 72 ArI
12705.756 2.456e+04 73 ArI
12736.901 4.623e+04 74 ArI
12749.719 2.703e+04 75 ArI
12806.241 3.984e+04 76 ArI
12936.733 9.802e+04 77 ArI
12960.203 1.813e+05 78 ArI
13011.822 6.014e+04 79 ArI
13217.600 3.854e+04 80 ArI
13231.725 4.000e+04 81 ArI
13234.520 4.898e+04 82 ArI
13276.270 8.776e+04 83 ArI
13316.851 0.000e+00 84 ArI
13370.766 0.000e+00 85 ArI
13371.482 0.000e+00 86 ArI
13410.179 0.000e+00 87 ArI
13410.253 0.000e+00 88 ArI
13503.100 0.000e+00 89 ArI
13507.884 0.000e+00 90 ArI
13547.908 0.000e+00 91 ArI
13577.329 0.000e+00 92 ArI
13603.052 0.000e+00 93 ArI
13626.384 0.000e+00 94 ArI
13682.290 0.000e+00 95 ArI
13722.328 0.000e+00 96 ArI
13829.495 0.000e+00 97 ArI
13911.280 0.000e+00 98 ArI
14097.493 2.480e+05 99 ArI
14253.100 9.999e+03 999 argon.dat_gemini
14260.800 9.999e+03 999 argon.dat_gemini
14599.723 6.594e+04 100 ArI
14600.461 6.699e+04 101 ArI
14638.414 9.659e+04 102 ArI
14638.504 9.659e+04 103 ArI
14697.400 9.999e+03 999 argon.dat_gemini
14743.167 2.956e+04 104 ArI
14789.421 1.392e+04 105 ArI
14790.105 1.354e+04 106 ArI
14880.603 1.212e+04 107 ArI
14881.486 1.148e+04 108 ArI
15034.620 9.999e+03 999 argon_id_lines.tsv_gemini
15050.610 6.499e+05 109 ArI
15176.840 1.221e+05 110 ArI
15306.062 2.128e+05 111 ArI
15306.151 2.128e+05 112 ArI
15333.530 1.178e+05 113 ArI
15353.128 6.983e+04 999 ArI
15357.323 6.983e+04 114 ArI
15406.849 4.682e+04 115 ArI
15563.93443 999 999 argon_id_lines.tsv_gemini
15559.710 7.603e+03 116 ArI
15739.208 1.026e+04 117 ArI
15780.924 9.496e+03 118 ArI
15821.099 9.053e+03 119 ArI
15887.510 9.999e+03 999 argon_id_lines.tsv_gemini
15904.031 3.752e+04 120 ArI
15993.860 9.603e+04 121 ArI
16127.061 2.401e+04 122 ArI
16184.443 4.431e+04 123 ArI
16268.513 1.090e+04 124 ArI
16441.065 3.229e+04 125 ArI
16524.370 1.471e+05 126 ArI
16553.828 3.682e+04 127 ArI
16554.921 3.682e+04 128 ArI
16744.651 8.772e+04 129 ArI
16945.210 7.207e+05 130 ArI
17449.670 9.999e+03 999 argon_id_lines.tsv_gemini
17828.860 2.404e+04 131 ArI
17919.610 9.999e+03 999 argon_id_lines.tsv_gemini
18432.790 7.002e+04 132 ArI
18495.853 1.392e+04 999 ArII
18561.066 1.392e+04 999 ArII
18574.935 1.392e+04 999 ArII
18639.418 1.392e+04 999 ArII
18759.282 1.392e+04 999 ArII
19822.910 9.999e+03 999 argon_id_lines.tsv_gemini
19950.320 9.999e+03 999 argon_id_lines.tsv_gemini
19971.180 9.999e+03 999 argon_id_lines.tsv_gemini
20034.268 1.392e+04 999 ArII
20322.560 1.392e+04 133 ArI
20621.860 7.431e+04 134 ArI
20652.382 8.160e+03 999 ArII
20739.220 8.160e+03 999 argon_id_lines.tsv_gemini
20816.720 6.583e+03 135 ArI
20991.840 5.854e+04 136 ArI
21338.710 1.055e+04 137 ArI
21540.080 9.489e+03 138 ArI
22045.580 5.091e+03 139 ArI
22083.210 6.640e+03 140 ArI
23139.510 3.813e+03 141 ArI
23851.540 1.625e+03 142 ArI
23973.060 3.164e+03 143 ArI
40000.000 0.000e+00 998 Pu
50000.000 0.000e+00 999 Pu
