9023.830 1.564e+05 0 Ar_lines.dat
9035.990 1.703e+05 1 Ar_lines.dat
9059.706 1.367e+05 2 Ar_lines.dat
9059.713 1.367e+05 3 Ar_lines.dat
9063.721 1.606e+05 4 Ar_lines.dat
9065.135 1.469e+05 5 Ar_lines.dat
9065.345 1.469e+05 6 Ar_lines.dat
9069.246 1.567e+05 7 Ar_lines.dat
9075.811 1.474e+05 8 Ar_lines.dat
9101.820 1.325e+05 9 Ar_lines.dat
9108.650 1.762e+05 10 Ar_lines.dat
9111.810 3.174e+05 11 Ar_lines.dat
9115.760 1.772e+06 12 Ar_lines.dat
9125.471 4.158e+06 13 Ar_lines.dat
9128.090 3.792e+06 14 Ar_lines.dat
9132.130 1.875e+06 15 Ar_lines.dat
9148.360 2.213e+05 16 Ar_lines.dat
9151.300 2.291e+05 17 Ar_lines.dat
9153.400 2.307e+05 18 Ar_lines.dat
9154.950 2.336e+05 19 Ar_lines.dat
9155.770 2.425e+05 20 Ar_lines.dat
9163.650 2.796e+05 21 Ar_lines.dat
9164.200 2.803e+05 22 Ar_lines.dat
9167.720 3.511e+05 23 Ar_lines.dat
9181.240 2.825e+05 24 Ar_lines.dat
9184.070 2.580e+05 25 Ar_lines.dat
9190.710 2.116e+05 26 Ar_lines.dat
9201.002 1.619e+05 27 Ar_lines.dat
9201.294 1.619e+05 28 Ar_lines.dat
9211.060 1.230e+05 29 Ar_lines.dat
9222.360 8.003e+05 30 Ar_lines.dat
9223.076 7.989e+05 31 Ar_lines.dat
9223.260 7.989e+05 32 Ar_lines.dat
9223.689 7.989e+05 33 Ar_lines.dat
9244.770 1.098e+05 34 Ar_lines.dat
9251.810 6.410e+04 35 Ar_lines.dat
9262.620 5.684e+04 36 Ar_lines.dat
9312.810 1.624e+05 37 Ar_lines.dat
9317.020 1.593e+05 38 Ar_lines.dat
9330.660 1.468e+05 39 Ar_lines.dat
9333.900 1.584e+05 40 Ar_lines.dat
9337.420 1.679e+05 41 Ar_lines.dat
9337.586 1.679e+05 42 Ar_lines.dat
9364.851 3.132e+05 43 Ar_lines.dat
9365.041 2.973e+05 44 Ar_lines.dat
9373.460 2.685e+05 45 Ar_lines.dat
9376.810 2.227e+05 46 Ar_lines.dat
9379.611 2.166e+05 47 Ar_lines.dat
9379.802 2.166e+05 48 Ar_lines.dat
9380.210 2.204e+05 49 Ar_lines.dat
9380.245 2.204e+05 50 Ar_lines.dat
9398.200 1.391e+05 51 Ar_lines.dat
9405.160 1.284e+05 52 Ar_lines.dat
9405.331 1.284e+05 53 Ar_lines.dat
9411.175 1.285e+05 54 Ar_lines.dat
9411.401 1.285e+05 55 Ar_lines.dat
9420.370 1.073e+05 56 Ar_lines.dat
9420.510 1.073e+05 57 Ar_lines.dat
9461.452 3.103e+04 58 Ar_lines.dat
9461.653 3.103e+04 59 Ar_lines.dat
9480.932 3.886e+04 60 Ar_lines.dat
9481.242 3.720e+04 61 Ar_lines.dat
9555.970 1.831e+05 62 Ar_lines.dat
9564.228 2.230e+05 63 Ar_lines.dat
9592.250 1.626e+05 64 Ar_lines.dat
9599.400 1.534e+05 65 Ar_lines.dat
9599.840 1.534e+05 66 Ar_lines.dat
9600.400 1.545e+05 67 Ar_lines.dat
9601.600 1.610e+05 68 Ar_lines.dat
9603.000 1.587e+05 69 Ar_lines.dat
9604.300 1.422e+05 70 Ar_lines.dat
9605.600 1.396e+05 71 Ar_lines.dat
9606.900 1.374e+05 72 Ar_lines.dat
9608.500 1.266e+05 73 Ar_lines.dat
9610.100 1.154e+05 74 Ar_lines.dat
9611.800 1.202e+05 75 Ar_lines.dat
9613.500 1.308e+05 76 Ar_lines.dat
9615.500 1.354e+05 77 Ar_lines.dat
9617.500 1.316e+05 78 Ar_lines.dat
9619.500 1.496e+05 79 Ar_lines.dat
9622.000 1.444e+05 80 Ar_lines.dat
9624.400 1.488e+05 81 Ar_lines.dat
9626.800 1.352e+05 82 Ar_lines.dat
9630.000 1.202e+05 83 Ar_lines.dat
9633.000 1.057e+05 84 Ar_lines.dat
9636.400 1.105e+05 85 Ar_lines.dat
9639.900 1.036e+05 86 Ar_lines.dat
9643.800 1.262e+05 87 Ar_lines.dat
9648.100 1.240e+06 88 Ar_lines.dat
9652.800 2.854e+06 89 Ar_lines.dat
9657.700 2.911e+06 90 Ar_lines.dat
9659.300 2.897e+06 91 Ar_lines.dat
9660.435 2.894e+06 92 Ar_lines.dat
9663.300 2.368e+06 93 Ar_lines.dat
9665.100 1.322e+06 94 Ar_lines.dat
9669.300 3.123e+04 95 Ar_lines.dat
9669.603 3.123e+04 96 Ar_lines.dat
9669.612 3.123e+04 97 Ar_lines.dat
9671.500 2.919e+04 98 Ar_lines.dat
9675.789 2.702e+04 99 Ar_lines.dat
9676.000 2.702e+04 100 Ar_lines.dat
9676.027 2.906e+04 101 Ar_lines.dat
9678.500 3.627e+04 102 Ar_lines.dat
9683.300 3.135e+04 103 Ar_lines.dat
9685.510 3.016e+04 104 Ar_lines.dat
9686.200 2.873e+04 105 Ar_lines.dat
9691.300 3.018e+04 106 Ar_lines.dat
9694.600 2.093e+04 107 Ar_lines.dat
9700.400 2.344e+04 108 Ar_lines.dat
9704.000 2.138e+04 109 Ar_lines.dat
9710.500 3.023e+04 110 Ar_lines.dat
9714.500 4.112e+04 111 Ar_lines.dat
9716.650 4.458e+04 112 Ar_lines.dat
9721.900 5.690e+04 113 Ar_lines.dat
9726.000 7.935e+04 114 Ar_lines.dat
9734.500 7.630e+04 115 Ar_lines.dat
9739.300 1.090e+05 116 Ar_lines.dat
9749.000 1.344e+05 117 Ar_lines.dat
9754.300 1.328e+05 118 Ar_lines.dat
9765.200 1.341e+05 119 Ar_lines.dat
9771.300 1.639e+05 120 Ar_lines.dat
9771.900 1.639e+05 121 Ar_lines.dat
9776.530 3.759e+05 122 Ar_lines.dat
9784.000 7.280e+05 123 Ar_lines.dat
9790.700 7.112e+05 124 Ar_lines.dat
9795.130 2.274e+05 125 Ar_lines.dat
9803.600 1.681e+05 126 Ar_lines.dat
9805.400 1.622e+05 127 Ar_lines.dat
9813.000 1.158e+05 128 Ar_lines.dat
9817.951 1.058e+05 129 Ar_lines.dat
9830.100 2.668e+05 130 Ar_lines.dat
9838.700 1.244e+05 131 Ar_lines.dat
9838.800 1.244e+05 132 Ar_lines.dat
9858.800 5.178e+04 133 Ar_lines.dat
9859.700 5.112e+04 134 Ar_lines.dat
9868.500 3.342e+04 135 Ar_lines.dat
9884.846 1.278e+04 136 Ar_lines.dat
9890.700 1.819e+04 137 Ar_lines.dat
9892.900 2.048e+04 138 Ar_lines.dat
9896.400 1.709e+04 139 Ar_lines.dat
9922.600 2.650e+04 140 Ar_lines.dat
9923.700 2.810e+04 141 Ar_lines.dat
9925.000 2.790e+04 142 Ar_lines.dat
9926.500 2.841e+04 143 Ar_lines.dat
9927.900 3.415e+04 144 Ar_lines.dat
9929.200 3.256e+04 145 Ar_lines.dat
9930.600 2.606e+04 146 Ar_lines.dat
9932.400 2.814e+04 147 Ar_lines.dat
9934.100 3.366e+04 148 Ar_lines.dat
9935.800 3.284e+04 149 Ar_lines.dat
9935.900 3.284e+04 150 Ar_lines.dat
9937.700 3.152e+04 151 Ar_lines.dat
9939.800 4.336e+04 152 Ar_lines.dat
9940.200 3.972e+04 153 Ar_lines.dat
9942.000 4.712e+04 154 Ar_lines.dat
9944.100 4.810e+04 155 Ar_lines.dat
9946.800 4.791e+04 156 Ar_lines.dat
9949.300 5.039e+04 157 Ar_lines.dat
9951.900 5.192e+04 158 Ar_lines.dat
9954.574 4.527e+04 159 Ar_lines.dat
9955.300 4.084e+04 160 Ar_lines.dat
9958.500 4.441e+04 161 Ar_lines.dat
9958.800 4.441e+04 162 Ar_lines.dat
9962.200 6.311e+04 163 Ar_lines.dat
9965.900 6.785e+04 164 Ar_lines.dat
9970.100 8.009e+04 165 Ar_lines.dat
9974.700 9.704e+04 166 Ar_lines.dat
9979.700 9.254e+04 167 Ar_lines.dat
9982.580 1.132e+05 168 Ar_lines.dat
9984.900 1.179e+05 169 Ar_lines.dat
9985.600 1.127e+05 170 Ar_lines.dat
9988.000 1.600e+05 171 Ar_lines.dat
9990.900 1.440e+05 172 Ar_lines.dat
9997.300 1.476e+05 173 Ar_lines.dat
9997.540 1.476e+05 174 Ar_lines.dat
10004.500 1.181e+05 175 Ar_lines.dat
10008.500 1.244e+05 176 Ar_lines.dat
10012.300 1.387e+05 177 Ar_lines.dat
10020.900 1.104e+05 178 Ar_lines.dat
10030.600 8.049e+04 179 Ar_lines.dat
10032.405 5.428e+04 180 Ar_lines.dat
10032.435 5.428e+04 181 Ar_lines.dat
10041.400 7.929e+04 182 Ar_lines.dat
10042.430 7.333e+04 183 Ar_lines.dat
10046.300 6.394e+04 184 Ar_lines.dat
10047.900 6.651e+04 185 Ar_lines.dat
10053.500 6.506e+04 186 Ar_lines.dat
10054.754 6.550e+04 187 Ar_lines.dat
10054.816 6.550e+04 188 Ar_lines.dat
10067.100 5.180e+04 189 Ar_lines.dat
10072.200 5.303e+04 190 Ar_lines.dat
10074.600 4.890e+04 191 Ar_lines.dat
10075.700 5.012e+04 192 Ar_lines.dat
10077.000 5.518e+04 193 Ar_lines.dat
10078.500 5.115e+04 194 Ar_lines.dat
10080.000 4.919e+04 195 Ar_lines.dat
10081.400 5.214e+04 196 Ar_lines.dat
10082.500 5.267e+04 197 Ar_lines.dat
10082.800 5.267e+04 198 Ar_lines.dat
10084.600 5.628e+04 199 Ar_lines.dat
10086.400 6.407e+04 200 Ar_lines.dat
10088.200 6.020e+04 201 Ar_lines.dat
10090.100 6.530e+04 202 Ar_lines.dat
10092.300 6.880e+04 203 Ar_lines.dat
10094.500 6.992e+04 204 Ar_lines.dat
10096.800 6.080e+04 205 Ar_lines.dat
10097.035 6.154e+04 206 Ar_lines.dat
10099.500 6.293e+04 207 Ar_lines.dat
10099.900 6.293e+04 208 Ar_lines.dat
10102.100 5.089e+04 209 Ar_lines.dat
10104.700 4.651e+04 210 Ar_lines.dat
10107.400 3.338e+04 211 Ar_lines.dat
10107.620 3.338e+04 212 Ar_lines.dat
10107.781 3.338e+04 213 Ar_lines.dat
10108.300 2.694e+04 214 Ar_lines.dat
10108.600 2.694e+04 215 Ar_lines.dat
10109.900 2.738e+04 216 Ar_lines.dat
10111.400 3.063e+04 217 Ar_lines.dat
10111.600 3.063e+04 218 Ar_lines.dat
10112.800 3.002e+04 219 Ar_lines.dat
10114.300 2.001e+04 220 Ar_lines.dat
10115.300 1.797e+04 221 Ar_lines.dat
10115.700 1.797e+04 222 Ar_lines.dat
10117.600 1.570e+04 223 Ar_lines.dat
10119.200 1.535e+04 224 Ar_lines.dat
10119.300 1.535e+04 225 Ar_lines.dat
10119.900 1.535e+04 226 Ar_lines.dat
10121.100 1.535e+04 227 Ar_lines.dat
10121.900 1.535e+04 228 Ar_lines.dat
10122.500 1.537e+04 229 Ar_lines.dat
10123.100 1.257e+04 230 Ar_lines.dat
10123.500 1.257e+04 231 Ar_lines.dat
10125.200 1.382e+04 232 Ar_lines.dat
10127.500 1.172e+04 233 Ar_lines.dat
10128.300 1.189e+04 234 Ar_lines.dat
10129.800 1.189e+04 235 Ar_lines.dat
10132.500 1.230e+04 236 Ar_lines.dat
10133.400 1.137e+04 237 Ar_lines.dat
10135.100 1.037e+04 238 Ar_lines.dat
10137.800 1.209e+04 239 Ar_lines.dat
10138.800 1.207e+04 240 Ar_lines.dat
10140.600 1.675e+04 241 Ar_lines.dat
10141.400 1.321e+04 242 Ar_lines.dat
10142.800 1.228e+04 243 Ar_lines.dat
10144.700 1.107e+04 244 Ar_lines.dat
10145.000 1.107e+04 245 Ar_lines.dat
10147.000 1.103e+04 246 Ar_lines.dat
10147.470 1.103e+04 247 Ar_lines.dat
10148.500 1.236e+04 248 Ar_lines.dat
10148.880 1.236e+04 249 Ar_lines.dat
10151.600 1.700e+04 250 Ar_lines.dat
10152.400 1.638e+04 251 Ar_lines.dat
10152.640 1.638e+04 252 Ar_lines.dat
10154.000 1.782e+04 253 Ar_lines.dat
10154.300 1.782e+04 254 Ar_lines.dat
10156.600 1.625e+04 255 Ar_lines.dat
10156.700 1.625e+04 256 Ar_lines.dat
10159.000 1.788e+04 257 Ar_lines.dat
10161.500 2.348e+04 258 Ar_lines.dat
10161.700 2.348e+04 259 Ar_lines.dat
10164.340 2.172e+04 260 Ar_lines.dat
10166.220 2.009e+04 261 Ar_lines.dat
10166.600 2.009e+04 262 Ar_lines.dat
10167.100 1.680e+04 263 Ar_lines.dat
10167.188 1.680e+04 264 Ar_lines.dat
10169.300 4.164e+04 265 Ar_lines.dat
10170.200 1.989e+04 266 Ar_lines.dat
10172.100 2.306e+04 267 Ar_lines.dat
10173.900 2.329e+04 268 Ar_lines.dat
10174.030 2.221e+04 269 Ar_lines.dat
10175.900 2.187e+04 270 Ar_lines.dat
10178.300 2.472e+04 271 Ar_lines.dat
10179.500 2.472e+04 272 Ar_lines.dat
10180.300 2.356e+04 273 Ar_lines.dat
10184.900 2.220e+04 274 Ar_lines.dat
10185.900 2.601e+04 275 Ar_lines.dat
10187.300 2.818e+04 276 Ar_lines.dat
10189.900 2.989e+04 277 Ar_lines.dat
10192.400 3.021e+04 278 Ar_lines.dat
10195.100 4.229e+04 279 Ar_lines.dat
10197.000 4.914e+04 280 Ar_lines.dat
10200.000 6.560e+04 281 Ar_lines.dat
10200.500 6.560e+04 282 Ar_lines.dat
10201.000 6.180e+04 283 Ar_lines.dat
10201.400 6.180e+04 284 Ar_lines.dat
10203.700 6.272e+04 285 Ar_lines.dat
10209.400 7.947e+04 286 Ar_lines.dat
10209.500 7.947e+04 287 Ar_lines.dat
10209.580 7.947e+04 288 Ar_lines.dat
10211.321 7.643e+04 289 Ar_lines.dat
10213.000 8.335e+04 290 Ar_lines.dat
10214.100 8.073e+04 291 Ar_lines.dat
10215.220 7.884e+04 292 Ar_lines.dat
10216.700 1.677e+05 293 Ar_lines.dat
10218.220 9.245e+04 294 Ar_lines.dat
10219.500 9.045e+04 295 Ar_lines.dat
10223.050 8.929e+04 296 Ar_lines.dat
10223.500 1.786e+05 297 Ar_lines.dat
10225.141 9.135e+04 298 Ar_lines.dat
10228.700 9.090e+04 299 Ar_lines.dat
10230.403 9.715e+04 300 Ar_lines.dat
10230.700 9.715e+04 301 Ar_lines.dat
10234.200 9.567e+04 302 Ar_lines.dat
10235.100 9.921e+04 303 Ar_lines.dat
10236.500 9.326e+04 304 Ar_lines.dat
10239.400 9.753e+04 305 Ar_lines.dat
10243.300 8.768e+04 306 Ar_lines.dat
10245.160 7.646e+04 307 Ar_lines.dat
10245.300 7.646e+04 308 Ar_lines.dat
10247.900 8.036e+04 309 Ar_lines.dat
10253.310 6.513e+04 310 Ar_lines.dat
10254.080 6.603e+04 311 Ar_lines.dat
10257.300 6.422e+04 312 Ar_lines.dat
10257.400 6.422e+04 313 Ar_lines.dat
10262.600 7.533e+04 314 Ar_lines.dat
10264.100 7.718e+04 315 Ar_lines.dat
10265.060 7.865e+04 316 Ar_lines.dat
10269.780 6.960e+04 317 Ar_lines.dat
10273.400 6.681e+04 318 Ar_lines.dat
10278.000 5.462e+04 319 Ar_lines.dat
10279.300 5.216e+04 320 Ar_lines.dat
10282.600 5.979e+04 321 Ar_lines.dat
10285.400 6.106e+04 322 Ar_lines.dat
10287.100 6.550e+04 323 Ar_lines.dat
10291.400 5.995e+04 324 Ar_lines.dat
10298.200 4.530e+04 325 Ar_lines.dat
10301.700 4.131e+04 326 Ar_lines.dat
10305.616 4.052e+04 327 Ar_lines.dat
10310.100 3.931e+04 328 Ar_lines.dat
10311.938 4.116e+04 329 Ar_lines.dat
10311.970 4.116e+04 330 Ar_lines.dat
10312.200 3.642e+04 331 Ar_lines.dat
10319.700 3.668e+04 332 Ar_lines.dat
10322.292 3.505e+04 333 Ar_lines.dat
10322.531 3.505e+04 334 Ar_lines.dat
10326.930 3.848e+04 335 Ar_lines.dat
10329.000 9.464e+04 336 Ar_lines.dat
10334.920 6.027e+04 337 Ar_lines.dat
10335.552 6.563e+04 338 Ar_lines.dat
10335.800 6.563e+04 339 Ar_lines.dat
10336.000 7.758e+04 340 Ar_lines.dat
10336.800 7.758e+04 341 Ar_lines.dat
10338.400 7.775e+04 342 Ar_lines.dat
10338.600 7.775e+04 343 Ar_lines.dat
10339.100 7.828e+04 344 Ar_lines.dat
10342.600 8.404e+04 345 Ar_lines.dat
10342.940 8.404e+04 346 Ar_lines.dat
10344.500 8.139e+04 347 Ar_lines.dat
10360.322 1.363e+04 348 Ar_lines.dat
10360.700 1.363e+04 349 Ar_lines.dat
10361.600 1.363e+04 350 Ar_lines.dat
10363.500 2.416e+04 351 Ar_lines.dat
10370.680 1.296e+04 352 Ar_lines.dat
10371.400 1.068e+04 353 Ar_lines.dat
10373.200 9.623e+03 354 Ar_lines.dat
10381.350 1.198e+04 355 Ar_lines.dat
10393.520 2.062e+04 356 Ar_lines.dat
10395.400 2.756e+04 357 Ar_lines.dat
10395.900 2.756e+04 358 Ar_lines.dat
10396.400 2.862e+04 359 Ar_lines.dat
10396.886 2.862e+04 360 Ar_lines.dat
10398.300 2.680e+04 361 Ar_lines.dat
10400.900 3.089e+04 362 Ar_lines.dat
10402.200 2.617e+04 363 Ar_lines.dat
10402.600 2.617e+04 364 Ar_lines.dat
10404.040 2.862e+04 365 Ar_lines.dat
10406.200 2.776e+04 366 Ar_lines.dat
10428.187 2.656e+04 367 Ar_lines.dat
10430.400 2.905e+04 368 Ar_lines.dat
10430.900 2.905e+04 369 Ar_lines.dat
10433.300 3.653e+04 370 Ar_lines.dat
10437.200 3.434e+04 371 Ar_lines.dat
10437.440 3.434e+04 372 Ar_lines.dat
10441.210 3.467e+04 373 Ar_lines.dat
10444.310 3.565e+04 374 Ar_lines.dat
10445.900 3.838e+04 375 Ar_lines.dat
10447.230 3.520e+04 376 Ar_lines.dat
10450.600 4.156e+04 377 Ar_lines.dat
10471.100 1.411e+06 378 Ar_lines.dat
10476.722 1.032e+06 379 Ar_lines.dat
10477.700 6.722e+05 380 Ar_lines.dat
10480.905 1.299e+05 381 Ar_lines.dat
10481.200 8.972e+04 382 Ar_lines.dat
10481.900 8.972e+04 383 Ar_lines.dat
10482.500 8.972e+04 384 Ar_lines.dat
10485.900 7.703e+04 385 Ar_lines.dat
10492.300 4.381e+04 386 Ar_lines.dat
10494.655 4.153e+04 387 Ar_lines.dat
10499.430 2.447e+04 388 Ar_lines.dat
10500.800 2.274e+04 389 Ar_lines.dat
10502.900 2.322e+04 390 Ar_lines.dat
10503.500 2.546e+04 391 Ar_lines.dat
10506.190 2.822e+04 392 Ar_lines.dat
10506.600 2.822e+04 393 Ar_lines.dat
10509.340 2.338e+04 394 Ar_lines.dat
10510.400 2.463e+04 395 Ar_lines.dat
10511.700 2.634e+04 396 Ar_lines.dat
10513.100 2.898e+04 397 Ar_lines.dat
10514.800 3.259e+04 398 Ar_lines.dat
10516.300 3.191e+04 399 Ar_lines.dat
10517.900 3.191e+04 400 Ar_lines.dat
10519.400 3.343e+04 401 Ar_lines.dat
10521.400 3.831e+04 402 Ar_lines.dat
10521.740 3.831e+04 403 Ar_lines.dat
10523.300 4.776e+04 404 Ar_lines.dat
10525.300 4.676e+04 405 Ar_lines.dat
10526.100 4.805e+04 406 Ar_lines.dat
10526.120 4.805e+04 407 Ar_lines.dat
10527.400 4.506e+04 408 Ar_lines.dat
10529.700 4.726e+04 409 Ar_lines.dat
10530.257 4.377e+04 410 Ar_lines.dat
10530.504 4.377e+04 411 Ar_lines.dat
10532.100 4.531e+04 412 Ar_lines.dat
10532.217 4.531e+04 413 Ar_lines.dat
10534.470 3.967e+04 414 Ar_lines.dat
10534.600 3.967e+04 415 Ar_lines.dat
10536.500 3.188e+04 416 Ar_lines.dat
10537.600 3.508e+04 417 Ar_lines.dat
10538.130 3.305e+04 418 Ar_lines.dat
10538.268 3.305e+04 419 Ar_lines.dat
10539.200 2.994e+04 420 Ar_lines.dat
10540.400 2.719e+04 421 Ar_lines.dat
10543.200 3.409e+04 422 Ar_lines.dat
10544.900 2.787e+04 423 Ar_lines.dat
10547.100 3.153e+04 424 Ar_lines.dat
10550.700 3.774e+04 425 Ar_lines.dat
10550.810 3.774e+04 426 Ar_lines.dat
10551.840 3.774e+04 427 Ar_lines.dat
10554.800 3.527e+04 428 Ar_lines.dat
10559.100 3.422e+04 429 Ar_lines.dat
10562.000 3.032e+04 430 Ar_lines.dat
10563.700 2.974e+04 431 Ar_lines.dat
10567.900 2.512e+04 432 Ar_lines.dat
10568.900 2.936e+04 433 Ar_lines.dat
10569.700 2.667e+04 434 Ar_lines.dat
10574.500 2.084e+04 435 Ar_lines.dat
10576.850 2.426e+04 436 Ar_lines.dat
10579.112 4.268e+04 437 Ar_lines.dat
10580.400 4.634e+04 438 Ar_lines.dat
10582.300 4.358e+04 439 Ar_lines.dat
10583.600 9.644e+04 440 Ar_lines.dat
10587.100 5.937e+04 441 Ar_lines.dat
10589.200 6.848e+04 442 Ar_lines.dat
10593.930 6.339e+04 443 Ar_lines.dat
10594.193 6.339e+04 444 Ar_lines.dat
10594.300 6.339e+04 445 Ar_lines.dat
10596.600 4.791e+04 446 Ar_lines.dat
10596.900 4.791e+04 447 Ar_lines.dat
10597.630 4.628e+04 448 Ar_lines.dat
10601.340 3.371e+04 449 Ar_lines.dat
10602.400 3.371e+04 450 Ar_lines.dat
10604.100 2.028e+04 451 Ar_lines.dat
10605.300 1.604e+04 452 Ar_lines.dat
10605.900 1.604e+04 453 Ar_lines.dat
10608.180 1.687e+04 454 Ar_lines.dat
10611.200 1.557e+04 455 Ar_lines.dat
10614.160 1.663e+04 456 Ar_lines.dat
10614.500 1.663e+04 457 Ar_lines.dat
10620.700 1.803e+04 458 Ar_lines.dat
10624.700 1.090e+04 459 Ar_lines.dat
10631.700 1.465e+04 460 Ar_lines.dat
10633.000 1.231e+04 461 Ar_lines.dat
10636.000 2.287e+04 462 Ar_lines.dat
10637.200 2.281e+04 463 Ar_lines.dat
10643.800 1.842e+04 464 Ar_lines.dat
10648.600 2.538e+04 465 Ar_lines.dat
10651.600 1.986e+04 466 Ar_lines.dat
10652.300 1.688e+04 467 Ar_lines.dat
10654.180 1.440e+04 468 Ar_lines.dat
10657.400 2.071e+04 469 Ar_lines.dat
10657.641 2.071e+04 470 Ar_lines.dat
10662.400 2.190e+04 471 Ar_lines.dat
10668.660 1.080e+05 472 Ar_lines.dat
10672.010 1.052e+05 473 Ar_lines.dat
10672.600 1.052e+05 474 Ar_lines.dat
10676.490 1.074e+05 475 Ar_lines.dat
10678.300 1.013e+05 476 Ar_lines.dat
10679.950 7.573e+04 477 Ar_lines.dat
10680.940 4.905e+04 478 Ar_lines.dat
10683.980 1.954e+04 479 Ar_lines.dat
10685.670 2.004e+04 480 Ar_lines.dat
10687.510 2.292e+04 481 Ar_lines.dat
10688.300 2.273e+04 482 Ar_lines.dat
10689.000 2.273e+04 483 Ar_lines.dat
10690.000 2.141e+04 484 Ar_lines.dat
10691.780 1.986e+04 485 Ar_lines.dat
10696.400 3.152e+04 486 Ar_lines.dat
10699.200 3.735e+04 487 Ar_lines.dat
10709.600 3.020e+04 488 Ar_lines.dat
10712.500 3.438e+04 489 Ar_lines.dat
10715.000 3.136e+04 490 Ar_lines.dat
10715.471 3.136e+04 491 Ar_lines.dat
10715.726 3.136e+04 492 Ar_lines.dat
10716.870 3.442e+04 493 Ar_lines.dat
10716.900 3.442e+04 494 Ar_lines.dat
10718.790 3.588e+04 495 Ar_lines.dat
10722.640 3.628e+04 496 Ar_lines.dat
10724.640 3.553e+04 497 Ar_lines.dat
10730.300 3.341e+04 498 Ar_lines.dat
10730.340 3.341e+04 499 Ar_lines.dat
10732.100 3.014e+04 500 Ar_lines.dat
10733.440 3.347e+04 501 Ar_lines.dat
10734.800 3.068e+04 502 Ar_lines.dat
10735.056 2.803e+04 503 Ar_lines.dat
10736.803 3.167e+04 504 Ar_lines.dat
10736.830 3.167e+04 505 Ar_lines.dat
10736.837 3.167e+04 506 Ar_lines.dat
10740.200 3.553e+04 507 Ar_lines.dat
10745.870 3.738e+04 508 Ar_lines.dat
10748.950 3.689e+04 509 Ar_lines.dat
10756.700 9.012e+04 510 Ar_lines.dat
10757.800 4.234e+04 511 Ar_lines.dat
10762.109 4.531e+04 512 Ar_lines.dat
10762.440 4.531e+04 513 Ar_lines.dat
10767.000 4.777e+04 514 Ar_lines.dat
10771.120 4.176e+04 515 Ar_lines.dat
10773.352 4.181e+04 516 Ar_lines.dat
10773.612 4.181e+04 517 Ar_lines.dat
10774.960 3.538e+04 518 Ar_lines.dat
10779.830 3.847e+04 519 Ar_lines.dat
10787.700 5.570e+04 520 Ar_lines.dat
10788.220 2.800e+04 521 Ar_lines.dat
10794.100 4.482e+04 522 Ar_lines.dat
10797.250 2.425e+04 523 Ar_lines.dat
10798.200 2.663e+04 524 Ar_lines.dat
10798.616 2.663e+04 525 Ar_lines.dat
10799.018 2.869e+04 526 Ar_lines.dat
10808.700 3.388e+04 527 Ar_lines.dat
10809.983 3.728e+04 528 Ar_lines.dat
10812.550 3.632e+04 529 Ar_lines.dat
10814.950 3.846e+04 530 Ar_lines.dat
10822.200 3.419e+04 531 Ar_lines.dat
10823.300 3.921e+04 532 Ar_lines.dat
10824.170 3.532e+04 533 Ar_lines.dat
10825.660 3.193e+04 534 Ar_lines.dat
10825.900 3.193e+04 535 Ar_lines.dat
10827.490 3.159e+04 536 Ar_lines.dat
10827.860 3.159e+04 537 Ar_lines.dat
10833.900 2.374e+04 538 Ar_lines.dat
10835.000 2.513e+04 539 Ar_lines.dat
10845.440 2.272e+04 540 Ar_lines.dat
10846.380 2.165e+04 541 Ar_lines.dat
10849.030 2.533e+04 542 Ar_lines.dat
10855.670 3.720e+04 543 Ar_lines.dat
10860.700 3.039e+04 544 Ar_lines.dat
10863.300 2.854e+04 545 Ar_lines.dat
10863.900 2.854e+04 546 Ar_lines.dat
10867.500 2.821e+04 547 Ar_lines.dat
10878.310 4.524e+04 548 Ar_lines.dat
10889.800 3.327e+04 549 Ar_lines.dat
10891.000 2.888e+04 550 Ar_lines.dat
10892.400 2.653e+04 551 Ar_lines.dat
10894.590 3.295e+04 552 Ar_lines.dat
10896.320 3.246e+04 553 Ar_lines.dat
10912.390 1.056e+04 554 Ar_lines.dat
10913.340 1.120e+04 555 Ar_lines.dat
10914.960 1.271e+04 556 Ar_lines.dat
10915.200 1.428e+04 557 Ar_lines.dat
10916.020 1.278e+04 558 Ar_lines.dat
10920.300 1.234e+04 559 Ar_lines.dat
10922.750 1.655e+04 560 Ar_lines.dat
10927.490 1.327e+04 561 Ar_lines.dat
10928.200 1.450e+04 562 Ar_lines.dat
10930.900 1.706e+04 563 Ar_lines.dat
10934.760 1.303e+04 564 Ar_lines.dat
10939.330 1.416e+04 565 Ar_lines.dat
10942.800 1.489e+04 566 Ar_lines.dat
10950.010 2.492e+04 567 Ar_lines.dat
10950.872 2.492e+04 568 Ar_lines.dat
10952.850 2.165e+04 569 Ar_lines.dat
10953.540 2.165e+04 570 Ar_lines.dat
10966.150 3.247e+04 571 Ar_lines.dat
10967.032 3.445e+04 572 Ar_lines.dat
10972.380 4.073e+04 573 Ar_lines.dat
10975.200 3.457e+04 574 Ar_lines.dat
10978.080 3.290e+04 575 Ar_lines.dat
10978.100 3.290e+04 576 Ar_lines.dat
10980.350 3.066e+04 577 Ar_lines.dat
11002.900 4.555e+04 578 Ar_lines.dat
11021.760 5.178e+04 579 Ar_lines.dat
11039.820 3.408e+04 580 Ar_lines.dat
11043.110 3.363e+04 581 Ar_lines.dat
11046.207 3.029e+04 582 Ar_lines.dat
11046.300 3.029e+04 583 Ar_lines.dat
11048.600 4.313e+04 584 Ar_lines.dat
11050.480 3.615e+04 585 Ar_lines.dat
11050.500 3.615e+04 586 Ar_lines.dat
11066.100 2.653e+04 587 Ar_lines.dat
11074.400 4.916e+04 588 Ar_lines.dat
11078.040 6.053e+04 589 Ar_lines.dat
11078.561 6.053e+04 590 Ar_lines.dat
11079.900 5.402e+04 591 Ar_lines.dat
11081.329 5.858e+04 592 Ar_lines.dat
11085.800 5.202e+04 593 Ar_lines.dat
11093.260 2.667e+04 594 Ar_lines.dat
11097.430 3.260e+04 595 Ar_lines.dat
11100.200 3.688e+04 596 Ar_lines.dat
11107.510 5.747e+04 597 Ar_lines.dat
11109.509 5.441e+04 598 Ar_lines.dat
11109.546 5.441e+04 599 Ar_lines.dat
11114.100 5.552e+04 600 Ar_lines.dat
11117.780 5.404e+04 601 Ar_lines.dat
11121.527 3.736e+04 602 Ar_lines.dat
11121.804 3.736e+04 603 Ar_lines.dat
11123.750 3.246e+04 604 Ar_lines.dat
11129.670 4.434e+04 605 Ar_lines.dat
11135.800 3.113e+04 606 Ar_lines.dat
11135.820 3.113e+04 607 Ar_lines.dat
11136.210 3.674e+04 608 Ar_lines.dat
11136.320 3.674e+04 609 Ar_lines.dat
11137.310 3.674e+04 610 Ar_lines.dat
11138.490 4.054e+04 611 Ar_lines.dat
11140.000 4.696e+04 612 Ar_lines.dat
11140.100 4.696e+04 613 Ar_lines.dat
11140.800 4.696e+04 614 Ar_lines.dat
11148.452 2.996e+04 615 Ar_lines.dat
11156.110 2.371e+04 616 Ar_lines.dat
11156.640 2.371e+04 617 Ar_lines.dat
11163.310 2.826e+04 618 Ar_lines.dat
11169.340 1.893e+04 619 Ar_lines.dat
11175.640 2.650e+04 620 Ar_lines.dat
11177.310 2.429e+04 621 Ar_lines.dat
11177.750 2.429e+04 622 Ar_lines.dat
11191.820 1.417e+04 623 Ar_lines.dat
11194.190 2.099e+04 624 Ar_lines.dat
11198.444 1.927e+04 625 Ar_lines.dat
11216.080 2.371e+04 626 Ar_lines.dat
11226.970 2.482e+04 627 Ar_lines.dat
11255.000 6.264e+04 628 Ar_lines.dat
11299.450 5.037e+04 629 Ar_lines.dat
11321.190 2.181e+04 630 Ar_lines.dat
11327.500 2.742e+04 631 Ar_lines.dat
11327.550 2.742e+04 632 Ar_lines.dat
11362.690 3.889e+04 633 Ar_lines.dat
11369.000 4.463e+04 634 Ar_lines.dat
11369.100 4.463e+04 635 Ar_lines.dat
11370.950 4.744e+04 636 Ar_lines.dat
11397.770 4.561e+04 637 Ar_lines.dat
11400.900 4.905e+04 638 Ar_lines.dat
11401.768 4.677e+04 639 Ar_lines.dat
11403.800 5.292e+04 640 Ar_lines.dat
11406.910 4.759e+04 641 Ar_lines.dat
11412.820 3.950e+04 642 Ar_lines.dat
11421.880 3.396e+04 643 Ar_lines.dat
11432.160 3.876e+04 644 Ar_lines.dat
11435.870 3.945e+04 645 Ar_lines.dat
11444.760 4.032e+04 646 Ar_lines.dat
11455.150 7.173e+04 647 Ar_lines.dat
11456.430 8.190e+04 648 Ar_lines.dat
11464.130 7.897e+04 649 Ar_lines.dat
11469.490 7.912e+04 650 Ar_lines.dat
11472.000 6.485e+04 651 Ar_lines.dat
11473.040 7.245e+04 652 Ar_lines.dat
11474.480 7.245e+04 653 Ar_lines.dat
11481.000 7.601e+04 654 Ar_lines.dat
11482.060 7.910e+04 655 Ar_lines.dat
11500.710 4.609e+04 656 Ar_lines.dat
11508.960 3.065e+04 657 Ar_lines.dat
11519.340 3.086e+04 658 Ar_lines.dat
11531.160 3.342e+04 659 Ar_lines.dat
11531.570 3.342e+04 660 Ar_lines.dat
11534.100 3.133e+04 661 Ar_lines.dat
11557.130 3.513e+04 662 Ar_lines.dat
11572.500 4.564e+04 663 Ar_lines.dat
11576.020 4.178e+04 664 Ar_lines.dat
11597.020 2.695e+04 665 Ar_lines.dat
11603.300 2.151e+04 666 Ar_lines.dat
11672.990 4.142e+04 667 Ar_lines.dat
11676.670 3.249e+04 668 Ar_lines.dat
11681.705 3.570e+04 669 Ar_lines.dat
11684.910 3.460e+04 670 Ar_lines.dat
11711.415 4.000e+04 671 Ar_lines.dat
11711.888 4.000e+04 672 Ar_lines.dat
11714.530 3.652e+04 673 Ar_lines.dat
11717.120 4.449e+04 674 Ar_lines.dat
11720.830 5.485e+04 675 Ar_lines.dat
11722.695 5.253e+04 676 Ar_lines.dat
11729.130 5.703e+04 677 Ar_lines.dat
11736.447 5.884e+04 678 Ar_lines.dat
11736.880 5.884e+04 679 Ar_lines.dat
11760.630 5.128e+04 680 Ar_lines.dat
11769.150 4.426e+04 681 Ar_lines.dat
11781.490 3.156e+04 682 Ar_lines.dat
11783.360 3.362e+04 683 Ar_lines.dat
11798.244 4.105e+04 684 Ar_lines.dat
11817.900 6.188e+04 685 Ar_lines.dat
11828.330 5.474e+04 686 Ar_lines.dat
11843.060 5.092e+04 687 Ar_lines.dat
11863.130 3.164e+04 688 Ar_lines.dat
11874.560 3.645e+04 689 Ar_lines.dat
11881.500 4.845e+04 690 Ar_lines.dat
11883.239 4.588e+04 691 Ar_lines.dat
11922.950 4.607e+04 692 Ar_lines.dat
11936.600 3.232e+04 693 Ar_lines.dat
11946.571 2.511e+04 694 Ar_lines.dat
11947.140 2.385e+04 695 Ar_lines.dat
11974.500 1.802e+04 696 Ar_lines.dat
11974.730 1.802e+04 697 Ar_lines.dat
11978.230 1.638e+04 698 Ar_lines.dat
11990.200 1.462e+04 699 Ar_lines.dat
11996.700 2.424e+04 700 Ar_lines.dat
12001.180 2.616e+04 701 Ar_lines.dat
12003.920 2.502e+04 702 Ar_lines.dat
12004.400 2.220e+04 703 Ar_lines.dat
12009.610 2.112e+04 704 Ar_lines.dat
12049.800 5.409e+04 705 Ar_lines.dat
12056.410 4.677e+04 706 Ar_lines.dat
12059.960 4.601e+04 707 Ar_lines.dat
12063.500 4.772e+04 708 Ar_lines.dat
12072.080 5.344e+04 709 Ar_lines.dat
12080.100 4.166e+04 710 Ar_lines.dat
12081.623 4.863e+04 711 Ar_lines.dat
12091.760 4.503e+04 712 Ar_lines.dat
12093.900 4.507e+04 713 Ar_lines.dat
12115.638 4.577e+04 714 Ar_lines.dat
12143.059 4.051e+04 715 Ar_lines.dat
12157.200 7.426e+04 716 Ar_lines.dat
12205.100 5.322e+04 717 Ar_lines.dat
12224.170 2.660e+04 718 Ar_lines.dat
12227.010 2.980e+04 719 Ar_lines.dat
12237.730 3.007e+04 720 Ar_lines.dat
12262.180 2.576e+04 721 Ar_lines.dat
12266.240 2.443e+04 722 Ar_lines.dat
12272.570 2.707e+04 723 Ar_lines.dat
12275.440 2.663e+04 724 Ar_lines.dat
12277.453 2.042e+04 725 Ar_lines.dat
12285.160 2.113e+04 726 Ar_lines.dat
12297.740 1.730e+04 727 Ar_lines.dat
12302.810 2.179e+04 728 Ar_lines.dat
12311.300 1.325e+04 729 Ar_lines.dat
12328.030 1.747e+04 730 Ar_lines.dat
12330.330 1.704e+04 731 Ar_lines.dat
12334.050 1.961e+04 732 Ar_lines.dat
12346.730 3.492e+04 733 Ar_lines.dat
12346.769 3.492e+04 734 Ar_lines.dat
12359.199 3.804e+04 735 Ar_lines.dat
12359.677 3.804e+04 736 Ar_lines.dat
12377.900 2.365e+04 737 Ar_lines.dat
12380.580 2.324e+04 738 Ar_lines.dat
12406.221 7.345e+04 739 Ar_lines.dat
12422.180 4.106e+04 740 Ar_lines.dat
12422.812 4.106e+04 741 Ar_lines.dat
12423.428 4.106e+04 742 Ar_lines.dat
12442.725 1.210e+05 743 Ar_lines.dat
12454.700 4.386e+04 744 Ar_lines.dat
12459.522 4.915e+04 745 Ar_lines.dat
12481.880 8.512e+04 746 Ar_lines.dat
12491.079 9.568e+04 747 Ar_lines.dat
12509.285 6.245e+04 748 Ar_lines.dat
12524.259 5.946e+04 749 Ar_lines.dat
12547.000 6.128e+04 750 Ar_lines.dat
12549.185 4.844e+04 751 Ar_lines.dat
12557.759 5.098e+04 752 Ar_lines.dat
12575.072 6.706e+04 753 Ar_lines.dat
12588.281 6.953e+04 754 Ar_lines.dat
12641.937 1.052e+04 755 Ar_lines.dat
12662.700 1.268e+04 756 Ar_lines.dat
12666.436 1.270e+04 757 Ar_lines.dat
12678.200 1.923e+04 758 Ar_lines.dat
12705.755 2.456e+04 759 Ar_lines.dat
12711.700 2.701e+04 760 Ar_lines.dat
12711.808 2.701e+04 761 Ar_lines.dat
12736.902 4.623e+04 762 Ar_lines.dat
12746.600 2.960e+04 763 Ar_lines.dat
12747.536 2.960e+04 764 Ar_lines.dat
12749.719 2.703e+04 765 Ar_lines.dat
12769.440 3.024e+04 766 Ar_lines.dat
12771.524 3.300e+04 767 Ar_lines.dat
12773.290 3.993e+04 768 Ar_lines.dat
12776.323 3.818e+04 769 Ar_lines.dat
12781.700 6.340e+04 770 Ar_lines.dat
12795.041 3.571e+04 771 Ar_lines.dat
12797.600 3.766e+04 772 Ar_lines.dat
12798.992 4.513e+04 773 Ar_lines.dat
12806.239 3.984e+04 774 Ar_lines.dat
12808.400 4.108e+04 775 Ar_lines.dat
12813.117 3.438e+04 776 Ar_lines.dat
12813.790 3.438e+04 777 Ar_lines.dat
12816.990 3.115e+04 778 Ar_lines.dat
12826.943 4.081e+04 779 Ar_lines.dat
12828.160 4.245e+04 780 Ar_lines.dat
12838.790 4.642e+04 781 Ar_lines.dat
12839.133 5.084e+04 782 Ar_lines.dat
12848.050 6.529e+04 783 Ar_lines.dat
12863.600 2.400e+05 784 Ar_lines.dat
12866.160 1.188e+05 785 Ar_lines.dat
12866.260 1.188e+05 786 Ar_lines.dat
12871.860 9.505e+04 787 Ar_lines.dat
12876.905 7.896e+04 788 Ar_lines.dat
12895.800 5.835e+04 789 Ar_lines.dat
12900.030 7.204e+04 790 Ar_lines.dat
12904.563 8.974e+04 791 Ar_lines.dat
12906.553 8.863e+04 792 Ar_lines.dat
12914.590 1.091e+05 793 Ar_lines.dat
12915.780 1.032e+05 794 Ar_lines.dat
12920.581 1.012e+05 795 Ar_lines.dat
12920.893 1.012e+05 796 Ar_lines.dat
12922.200 1.013e+05 797 Ar_lines.dat
12926.900 8.702e+04 798 Ar_lines.dat
12936.734 9.802e+04 799 Ar_lines.dat
12947.780 2.104e+05 800 Ar_lines.dat
12960.202 1.813e+05 801 Ar_lines.dat
12960.494 1.813e+05 802 Ar_lines.dat
12962.100 3.276e+05 803 Ar_lines.dat
12975.671 1.093e+05 804 Ar_lines.dat
12983.100 1.039e+05 805 Ar_lines.dat
12992.254 7.833e+04 806 Ar_lines.dat
12997.300 8.396e+04 807 Ar_lines.dat
12999.100 6.439e+04 808 Ar_lines.dat
12999.464 6.439e+04 809 Ar_lines.dat
13011.822 6.014e+04 810 Ar_lines.dat
13031.988 1.864e+04 811 Ar_lines.dat
13040.700 1.130e+04 812 Ar_lines.dat
13042.738 1.027e+04 813 Ar_lines.dat
13052.895 1.001e+04 814 Ar_lines.dat
13054.771 9.390e+03 815 Ar_lines.dat
13059.930 7.608e+03 816 Ar_lines.dat
13071.624 1.240e+04 817 Ar_lines.dat
13079.300 7.325e+03 818 Ar_lines.dat
13084.900 1.348e+04 819 Ar_lines.dat
13085.600 1.496e+04 820 Ar_lines.dat
13094.330 1.583e+04 821 Ar_lines.dat
13098.232 2.081e+04 822 Ar_lines.dat
13103.960 1.478e+04 823 Ar_lines.dat
13110.701 1.506e+04 824 Ar_lines.dat
13112.680 1.221e+04 825 Ar_lines.dat
13122.520 6.375e+03 826 Ar_lines.dat
13122.910 6.375e+03 827 Ar_lines.dat
13125.600 8.208e+03 828 Ar_lines.dat
13133.872 1.284e+04 829 Ar_lines.dat
13147.500 3.321e+04 830 Ar_lines.dat
13149.880 3.140e+04 831 Ar_lines.dat
13149.998 3.140e+04 832 Ar_lines.dat
13157.439 1.453e+04 833 Ar_lines.dat
13159.590 1.052e+04 834 Ar_lines.dat
13165.880 1.423e+04 835 Ar_lines.dat
13169.150 1.517e+04 836 Ar_lines.dat
13175.200 1.383e+04 837 Ar_lines.dat
13178.700 1.088e+04 838 Ar_lines.dat
13181.800 1.160e+04 839 Ar_lines.dat
13185.570 7.906e+03 840 Ar_lines.dat
13205.023 3.117e+04 841 Ar_lines.dat
13217.605 3.854e+04 842 Ar_lines.dat
13226.810 3.829e+04 843 Ar_lines.dat
13231.722 4.000e+04 844 Ar_lines.dat
13234.515 4.898e+04 845 Ar_lines.dat
13237.911 4.290e+04 846 Ar_lines.dat
13240.300 4.674e+04 847 Ar_lines.dat
13241.200 4.277e+04 848 Ar_lines.dat
13247.586 5.374e+04 849 Ar_lines.dat
13261.501 6.226e+04 850 Ar_lines.dat
13276.265 8.776e+04 851 Ar_lines.dat
13277.584 9.492e+04 852 Ar_lines.dat
13302.400 1.667e+04 853 Ar_lines.dat
13305.950 8.828e+03 854 Ar_lines.dat
13316.850 0.000e+00 855 Ar_lines.dat
13318.486 0.000e+00 856 Ar_lines.dat
13333.758 0.000e+00 857 Ar_lines.dat
13333.826 0.000e+00 858 Ar_lines.dat
13362.900 0.000e+00 859 Ar_lines.dat
13368.800 0.000e+00 860 Ar_lines.dat
13369.704 0.000e+00 861 Ar_lines.dat
13370.766 0.000e+00 862 Ar_lines.dat
13371.482 0.000e+00 863 Ar_lines.dat
13377.479 0.000e+00 864 Ar_lines.dat
13391.100 0.000e+00 865 Ar_lines.dat
13410.179 0.000e+00 866 Ar_lines.dat
13410.253 0.000e+00 867 Ar_lines.dat
13418.201 0.000e+00 868 Ar_lines.dat
13422.410 0.000e+00 869 Ar_lines.dat
13424.960 0.000e+00 870 Ar_lines.dat
13442.100 0.000e+00 871 Ar_lines.dat
13443.200 0.000e+00 872 Ar_lines.dat
13452.200 0.000e+00 873 Ar_lines.dat
13459.800 0.000e+00 874 Ar_lines.dat
13467.150 0.000e+00 875 Ar_lines.dat
13470.406 0.000e+00 876 Ar_lines.dat
13474.900 0.000e+00 877 Ar_lines.dat
13476.544 0.000e+00 878 Ar_lines.dat
13498.000 0.000e+00 879 Ar_lines.dat
13503.098 0.000e+00 880 Ar_lines.dat
13507.038 0.000e+00 881 Ar_lines.dat
13507.882 0.000e+00 882 Ar_lines.dat
13547.908 0.000e+00 883 Ar_lines.dat
13558.644 0.000e+00 884 Ar_lines.dat
13566.158 0.000e+00 885 Ar_lines.dat
13577.330 0.000e+00 886 Ar_lines.dat
13583.200 0.000e+00 887 Ar_lines.dat
13592.500 0.000e+00 888 Ar_lines.dat
13603.051 0.000e+00 889 Ar_lines.dat
13604.000 0.000e+00 890 Ar_lines.dat
13611.600 0.000e+00 891 Ar_lines.dat
13621.900 0.000e+00 892 Ar_lines.dat
13622.860 0.000e+00 893 Ar_lines.dat
13626.384 0.000e+00 894 Ar_lines.dat
13629.520 0.000e+00 895 Ar_lines.dat
13631.200 0.000e+00 896 Ar_lines.dat
13638.700 0.000e+00 897 Ar_lines.dat
13656.527 0.000e+00 898 Ar_lines.dat
13682.289 0.000e+00 899 Ar_lines.dat
13715.600 0.000e+00 900 Ar_lines.dat
13722.328 0.000e+00 901 Ar_lines.dat
13726.000 0.000e+00 902 Ar_lines.dat
13736.400 0.000e+00 903 Ar_lines.dat
13744.048 0.000e+00 904 Ar_lines.dat
13758.587 0.000e+00 905 Ar_lines.dat
13799.900 0.000e+00 906 Ar_lines.dat
13806.002 0.000e+00 907 Ar_lines.dat
13806.870 0.000e+00 908 Ar_lines.dat
13817.100 0.000e+00 909 Ar_lines.dat
13818.730 0.000e+00 910 Ar_lines.dat
13820.400 0.000e+00 911 Ar_lines.dat
13822.925 0.000e+00 912 Ar_lines.dat
13829.497 0.000e+00 913 Ar_lines.dat
13832.102 0.000e+00 914 Ar_lines.dat
13832.175 0.000e+00 915 Ar_lines.dat
13840.320 0.000e+00 916 Ar_lines.dat
13851.080 0.000e+00 917 Ar_lines.dat
13870.187 0.000e+00 918 Ar_lines.dat
13870.789 0.000e+00 919 Ar_lines.dat
13884.310 0.000e+00 920 Ar_lines.dat
13885.200 0.000e+00 921 Ar_lines.dat
13893.600 0.000e+00 922 Ar_lines.dat
13902.600 0.000e+00 923 Ar_lines.dat
13911.278 0.000e+00 924 Ar_lines.dat
13914.360 0.000e+00 925 Ar_lines.dat
13930.500 8.608e+03 926 Ar_lines.dat
13934.200 1.781e+04 927 Ar_lines.dat
13939.600 8.795e+03 928 Ar_lines.dat
13941.600 9.647e+03 929 Ar_lines.dat
13954.810 8.975e+03 930 Ar_lines.dat
13958.200 1.852e+04 931 Ar_lines.dat
13988.910 9.213e+03 932 Ar_lines.dat
14019.300 9.180e+03 933 Ar_lines.dat
14025.100 9.875e+03 934 Ar_lines.dat
14039.255 8.768e+03 935 Ar_lines.dat
14055.900 1.893e+04 936 Ar_lines.dat
14065.827 1.005e+04 937 Ar_lines.dat
14076.200 9.167e+03 938 Ar_lines.dat
14077.000 1.050e+04 939 Ar_lines.dat
14077.200 9.557e+03 940 Ar_lines.dat
14081.000 1.223e+04 941 Ar_lines.dat
14089.760 1.729e+05 942 Ar_lines.dat
14097.493 2.480e+05 943 Ar_lines.dat
14131.500 9.746e+03 944 Ar_lines.dat
14173.600 2.216e+04 945 Ar_lines.dat
14180.800 9.844e+03 946 Ar_lines.dat
14188.500 1.046e+04 947 Ar_lines.dat
14196.332 9.377e+03 948 Ar_lines.dat
14203.700 1.125e+04 949 Ar_lines.dat
14246.200 3.446e+04 950 Ar_lines.dat
14256.200 7.782e+04 951 Ar_lines.dat
14257.300 7.984e+04 952 Ar_lines.dat
14258.037 7.481e+04 953 Ar_lines.dat
14258.741 7.481e+04 954 Ar_lines.dat
14260.766 6.817e+04 955 Ar_lines.dat
14267.600 2.863e+04 956 Ar_lines.dat
14290.440 8.658e+03 957 Ar_lines.dat
14299.480 8.605e+03 958 Ar_lines.dat
14302.226 7.137e+03 959 Ar_lines.dat
14320.600 1.012e+04 960 Ar_lines.dat
14321.400 9.954e+03 961 Ar_lines.dat
14366.855 1.004e+04 962 Ar_lines.dat
14369.200 1.012e+04 963 Ar_lines.dat
14394.370 9.342e+03 964 Ar_lines.dat
14395.300 8.744e+03 965 Ar_lines.dat
14397.190 1.089e+04 966 Ar_lines.dat
14398.500 1.021e+04 967 Ar_lines.dat
14405.300 1.165e+04 968 Ar_lines.dat
14409.500 1.203e+04 969 Ar_lines.dat
14414.000 1.048e+04 970 Ar_lines.dat
14416.401 9.165e+03 971 Ar_lines.dat
14428.800 1.010e+04 972 Ar_lines.dat
14435.720 9.750e+03 973 Ar_lines.dat
14436.700 1.075e+04 974 Ar_lines.dat
14448.771 1.028e+04 975 Ar_lines.dat
14470.900 1.067e+04 976 Ar_lines.dat
14484.579 1.042e+04 977 Ar_lines.dat
14490.500 9.393e+03 978 Ar_lines.dat
14491.800 9.509e+03 979 Ar_lines.dat
14506.140 1.082e+04 980 Ar_lines.dat
14506.900 1.082e+04 981 Ar_lines.dat
14508.000 1.084e+04 982 Ar_lines.dat
14510.000 1.078e+04 983 Ar_lines.dat
14514.494 8.703e+03 984 Ar_lines.dat
14515.800 9.867e+03 985 Ar_lines.dat
14516.600 9.116e+03 986 Ar_lines.dat
14518.100 1.112e+04 987 Ar_lines.dat
14518.900 1.112e+04 988 Ar_lines.dat
14520.800 1.049e+04 989 Ar_lines.dat
14521.700 1.142e+04 990 Ar_lines.dat
14524.000 1.115e+04 991 Ar_lines.dat
14524.800 1.115e+04 992 Ar_lines.dat
14526.060 1.058e+04 993 Ar_lines.dat
14526.447 1.058e+04 994 Ar_lines.dat
14526.900 1.058e+04 995 Ar_lines.dat
14527.800 1.169e+04 996 Ar_lines.dat
14529.500 2.268e+04 997 Ar_lines.dat
14529.740 1.134e+04 998 Ar_lines.dat
14529.900 1.134e+04 999 Ar_lines.dat
14530.200 1.065e+04 1000 Ar_lines.dat
14530.700 1.065e+04 1001 Ar_lines.dat
14532.800 1.016e+04 1002 Ar_lines.dat
14533.700 9.952e+03 1003 Ar_lines.dat
14534.500 8.054e+03 1004 Ar_lines.dat
14536.600 1.008e+04 1005 Ar_lines.dat
14537.360 9.154e+03 1006 Ar_lines.dat
14537.500 9.154e+03 1007 Ar_lines.dat
14540.200 1.102e+04 1008 Ar_lines.dat
14541.100 1.214e+04 1009 Ar_lines.dat
14544.000 1.120e+04 1010 Ar_lines.dat
14544.900 1.118e+04 1011 Ar_lines.dat
14545.260 1.044e+04 1012 Ar_lines.dat
14547.400 1.250e+04 1013 Ar_lines.dat
14548.100 1.183e+04 1014 Ar_lines.dat
14548.900 1.183e+04 1015 Ar_lines.dat
14552.500 1.081e+04 1016 Ar_lines.dat
14553.400 1.180e+04 1017 Ar_lines.dat
14557.200 8.817e+03 1018 Ar_lines.dat
14558.000 1.067e+04 1019 Ar_lines.dat
14561.800 1.112e+04 1020 Ar_lines.dat
14562.700 1.021e+04 1021 Ar_lines.dat
14563.400 9.903e+03 1022 Ar_lines.dat
14565.032 9.773e+03 1023 Ar_lines.dat
14567.600 1.111e+04 1024 Ar_lines.dat
14568.400 1.012e+04 1025 Ar_lines.dat
14572.900 1.273e+04 1026 Ar_lines.dat
14573.700 1.498e+04 1027 Ar_lines.dat
14578.400 1.844e+04 1028 Ar_lines.dat
14579.200 1.778e+04 1029 Ar_lines.dat
14585.800 1.752e+04 1030 Ar_lines.dat
14586.700 1.710e+04 1031 Ar_lines.dat
14589.880 2.168e+04 1032 Ar_lines.dat
14592.600 4.412e+04 1033 Ar_lines.dat
14593.500 5.665e+04 1034 Ar_lines.dat
14599.723 6.594e+04 1035 Ar_lines.dat
14600.461 6.699e+04 1036 Ar_lines.dat
14600.500 6.699e+04 1037 Ar_lines.dat
14600.813 6.699e+04 1038 Ar_lines.dat
14601.400 6.820e+04 1039 Ar_lines.dat
14604.400 6.546e+04 1040 Ar_lines.dat
14606.800 4.887e+04 1041 Ar_lines.dat
14607.100 4.990e+04 1042 Ar_lines.dat
14607.740 4.990e+04 1043 Ar_lines.dat
14608.600 3.501e+04 1044 Ar_lines.dat
14609.500 2.358e+04 1045 Ar_lines.dat
14609.600 2.358e+04 1046 Ar_lines.dat
14612.800 1.976e+04 1047 Ar_lines.dat
14615.310 1.240e+04 1048 Ar_lines.dat
14615.700 1.240e+04 1049 Ar_lines.dat
14617.600 9.826e+03 1050 Ar_lines.dat
14618.500 1.073e+04 1051 Ar_lines.dat
14618.700 1.073e+04 1052 Ar_lines.dat
14621.700 1.184e+04 1053 Ar_lines.dat
14625.600 1.399e+04 1054 Ar_lines.dat
14627.400 1.994e+04 1055 Ar_lines.dat
14628.300 2.739e+04 1056 Ar_lines.dat
14629.200 4.747e+04 1057 Ar_lines.dat
14633.100 7.904e+04 1058 Ar_lines.dat
14634.661 9.076e+04 1059 Ar_lines.dat
14635.400 1.928e+05 1060 Ar_lines.dat
14635.629 9.638e+04 1061 Ar_lines.dat
14636.370 9.449e+04 1062 Ar_lines.dat
14637.100 9.490e+04 1063 Ar_lines.dat
14638.100 9.659e+04 1064 Ar_lines.dat
14638.414 9.659e+04 1065 Ar_lines.dat
14638.504 9.659e+04 1066 Ar_lines.dat
14638.915 9.659e+04 1067 Ar_lines.dat
14639.000 9.530e+04 1068 Ar_lines.dat
14641.600 9.471e+04 1069 Ar_lines.dat
14646.400 1.292e+05 1070 Ar_lines.dat
14646.812 1.292e+05 1071 Ar_lines.dat
14648.450 1.221e+05 1072 Ar_lines.dat
14649.500 1.382e+05 1073 Ar_lines.dat
14650.400 1.255e+05 1074 Ar_lines.dat
14651.100 1.244e+05 1075 Ar_lines.dat
14653.200 1.254e+05 1076 Ar_lines.dat
14654.000 1.256e+05 1077 Ar_lines.dat
14654.200 1.256e+05 1078 Ar_lines.dat
14654.351 1.256e+05 1079 Ar_lines.dat
14656.900 1.235e+05 1080 Ar_lines.dat
14661.300 8.681e+04 1081 Ar_lines.dat
14662.200 5.596e+04 1082 Ar_lines.dat
14662.400 5.596e+04 1083 Ar_lines.dat
14663.300 5.660e+04 1084 Ar_lines.dat
14666.500 1.475e+04 1085 Ar_lines.dat
14667.300 1.087e+04 1086 Ar_lines.dat
14667.800 1.087e+04 1087 Ar_lines.dat
14668.760 9.699e+03 1088 Ar_lines.dat
14674.100 6.852e+03 1089 Ar_lines.dat
14675.400 7.921e+03 1090 Ar_lines.dat
14676.200 7.558e+03 1091 Ar_lines.dat
14676.700 7.558e+03 1092 Ar_lines.dat
14676.920 7.558e+03 1093 Ar_lines.dat
14677.000 7.122e+03 1094 Ar_lines.dat
14678.700 8.390e+03 1095 Ar_lines.dat
14681.100 9.288e+03 1096 Ar_lines.dat
14682.000 8.489e+03 1097 Ar_lines.dat
14682.300 8.489e+03 1098 Ar_lines.dat
14684.900 9.171e+03 1099 Ar_lines.dat
14686.041 1.009e+04 1100 Ar_lines.dat
14687.600 1.194e+04 1101 Ar_lines.dat
14688.645 1.135e+04 1102 Ar_lines.dat
14690.200 1.438e+04 1103 Ar_lines.dat
14691.700 1.331e+04 1104 Ar_lines.dat
14692.600 1.481e+04 1105 Ar_lines.dat
14697.023 1.274e+04 1106 Ar_lines.dat
14697.300 1.274e+04 1107 Ar_lines.dat
14697.699 1.274e+04 1108 Ar_lines.dat
14698.200 1.373e+04 1109 Ar_lines.dat
14698.500 1.373e+04 1110 Ar_lines.dat
14707.500 8.790e+03 1111 Ar_lines.dat
14708.500 7.365e+03 1112 Ar_lines.dat
14709.400 7.512e+03 1113 Ar_lines.dat
14711.400 7.701e+03 1114 Ar_lines.dat
14715.000 8.292e+03 1115 Ar_lines.dat
14715.900 8.393e+03 1116 Ar_lines.dat
14717.500 1.737e+04 1117 Ar_lines.dat
14727.000 7.985e+03 1118 Ar_lines.dat
14727.800 9.084e+03 1119 Ar_lines.dat
14728.300 9.393e+03 1120 Ar_lines.dat
14734.600 2.337e+04 1121 Ar_lines.dat
14735.400 2.378e+04 1122 Ar_lines.dat
14739.385 3.073e+04 1123 Ar_lines.dat
14739.800 3.073e+04 1124 Ar_lines.dat
14748.000 2.187e+04 1125 Ar_lines.dat
14748.900 2.242e+04 1126 Ar_lines.dat
14749.500 1.672e+04 1127 Ar_lines.dat
14750.900 1.450e+04 1128 Ar_lines.dat
14752.900 1.055e+04 1129 Ar_lines.dat
14756.300 9.331e+03 1130 Ar_lines.dat
14757.200 8.876e+03 1131 Ar_lines.dat
14761.160 8.636e+03 1132 Ar_lines.dat
14763.100 1.644e+04 1133 Ar_lines.dat
14766.800 8.515e+03 1134 Ar_lines.dat
14771.300 7.956e+03 1135 Ar_lines.dat
14772.200 7.226e+03 1136 Ar_lines.dat
14780.500 1.148e+04 1137 Ar_lines.dat
14781.400 1.301e+04 1138 Ar_lines.dat
14782.500 1.471e+04 1139 Ar_lines.dat
14787.066 1.487e+04 1140 Ar_lines.dat
14787.938 1.487e+04 1141 Ar_lines.dat
14797.600 9.696e+03 1142 Ar_lines.dat
14798.400 8.636e+03 1143 Ar_lines.dat
14799.600 9.639e+03 1144 Ar_lines.dat
14807.200 8.429e+03 1145 Ar_lines.dat
14808.100 9.123e+03 1146 Ar_lines.dat
14809.813 7.833e+03 1147 Ar_lines.dat
14810.660 8.632e+03 1148 Ar_lines.dat
14818.200 8.564e+03 1149 Ar_lines.dat
14827.000 9.097e+03 1150 Ar_lines.dat
14827.800 1.006e+04 1151 Ar_lines.dat
14838.000 8.904e+03 1152 Ar_lines.dat
14838.800 8.090e+03 1153 Ar_lines.dat
14839.600 8.090e+03 1154 Ar_lines.dat
14844.700 9.077e+03 1155 Ar_lines.dat
14847.930 9.863e+03 1156 Ar_lines.dat
14848.000 9.041e+03 1157 Ar_lines.dat
14853.000 9.243e+03 1158 Ar_lines.dat
14857.730 1.064e+04 1159 Ar_lines.dat
14860.500 9.536e+03 1160 Ar_lines.dat
14861.200 1.048e+04 1161 Ar_lines.dat
14861.300 1.048e+04 1162 Ar_lines.dat
14863.200 9.480e+03 1163 Ar_lines.dat
14865.200 9.074e+03 1164 Ar_lines.dat
14866.150 9.166e+03 1165 Ar_lines.dat
14872.800 1.048e+04 1166 Ar_lines.dat
14873.700 9.506e+03 1167 Ar_lines.dat
14881.772 1.148e+04 1168 Ar_lines.dat
14889.700 9.819e+03 1169 Ar_lines.dat
14898.300 9.704e+03 1170 Ar_lines.dat
14899.200 9.731e+03 1171 Ar_lines.dat
14902.191 9.743e+03 1172 Ar_lines.dat
14910.000 1.185e+04 1173 Ar_lines.dat
14912.140 1.054e+04 1174 Ar_lines.dat
14912.500 1.054e+04 1175 Ar_lines.dat
14913.400 9.787e+03 1176 Ar_lines.dat
14917.300 1.010e+04 1177 Ar_lines.dat
14919.500 1.146e+04 1178 Ar_lines.dat
14922.600 9.911e+03 1179 Ar_lines.dat
14923.500 9.923e+03 1180 Ar_lines.dat
14941.900 1.012e+04 1181 Ar_lines.dat
14942.800 9.654e+03 1182 Ar_lines.dat
14944.600 9.868e+03 1183 Ar_lines.dat
14953.400 1.026e+04 1184 Ar_lines.dat
14953.800 1.026e+04 1185 Ar_lines.dat
14957.600 1.037e+04 1186 Ar_lines.dat
14958.500 9.892e+03 1187 Ar_lines.dat
14968.074 1.076e+04 1188 Ar_lines.dat
14978.661 9.958e+03 1189 Ar_lines.dat
14980.323 9.542e+03 1190 Ar_lines.dat
14991.700 8.703e+03 1191 Ar_lines.dat
14991.900 8.703e+03 1192 Ar_lines.dat
14992.800 8.862e+03 1193 Ar_lines.dat
15009.700 1.114e+04 1194 Ar_lines.dat
15010.600 1.118e+04 1195 Ar_lines.dat
15017.266 1.475e+04 1196 Ar_lines.dat
15021.361 1.634e+04 1197 Ar_lines.dat
15035.900 3.766e+04 1198 Ar_lines.dat
15040.200 9.111e+04 1199 Ar_lines.dat
15040.243 9.111e+04 1200 Ar_lines.dat
15048.800 6.373e+05 1201 Ar_lines.dat
15049.900 6.477e+05 1202 Ar_lines.dat
15050.437 6.499e+05 1203 Ar_lines.dat
15050.615 6.499e+05 1204 Ar_lines.dat
15050.800 6.499e+05 1205 Ar_lines.dat
15053.077 6.386e+05 1206 Ar_lines.dat
15059.600 4.070e+05 1207 Ar_lines.dat
15070.300 1.042e+04 1208 Ar_lines.dat
15071.200 9.619e+03 1209 Ar_lines.dat
15072.600 1.005e+04 1210 Ar_lines.dat
15074.700 8.341e+03 1211 Ar_lines.dat
15083.300 6.479e+03 1212 Ar_lines.dat
15086.500 7.893e+03 1213 Ar_lines.dat
15089.290 9.077e+03 1214 Ar_lines.dat
15090.900 8.444e+03 1215 Ar_lines.dat
15094.400 8.689e+03 1216 Ar_lines.dat
15094.515 8.689e+03 1217 Ar_lines.dat
15113.500 7.934e+03 1218 Ar_lines.dat
15117.200 7.696e+03 1219 Ar_lines.dat
15118.100 7.171e+03 1220 Ar_lines.dat
15121.300 7.654e+03 1221 Ar_lines.dat
15125.100 6.632e+03 1222 Ar_lines.dat
15126.200 6.368e+03 1223 Ar_lines.dat
15135.842 6.160e+03 1224 Ar_lines.dat
15140.100 6.931e+03 1225 Ar_lines.dat
15141.000 7.761e+03 1226 Ar_lines.dat
15145.200 6.708e+03 1227 Ar_lines.dat
15154.160 8.355e+03 1228 Ar_lines.dat
15157.529 8.960e+03 1229 Ar_lines.dat
15176.837 1.221e+05 1230 Ar_lines.dat
15192.300 7.730e+03 1231 Ar_lines.dat
15193.300 7.730e+03 1232 Ar_lines.dat
15205.700 9.510e+03 1233 Ar_lines.dat
15206.700 9.510e+03 1234 Ar_lines.dat
15210.700 8.470e+03 1235 Ar_lines.dat
15213.400 8.496e+03 1236 Ar_lines.dat
15220.200 7.844e+03 1237 Ar_lines.dat
15231.200 8.321e+03 1238 Ar_lines.dat
15235.600 9.223e+03 1239 Ar_lines.dat
15242.900 9.531e+03 1240 Ar_lines.dat
15285.300 1.003e+04 1241 Ar_lines.dat
15287.530 9.773e+03 1242 Ar_lines.dat
15289.500 9.994e+03 1243 Ar_lines.dat
15291.200 1.137e+04 1244 Ar_lines.dat
15293.000 2.982e+04 1245 Ar_lines.dat
15296.440 5.719e+04 1246 Ar_lines.dat
15306.062 2.128e+05 1247 Ar_lines.dat
15306.151 2.128e+05 1248 Ar_lines.dat
15309.300 1.925e+05 1249 Ar_lines.dat
15310.300 1.935e+05 1250 Ar_lines.dat
15320.240 2.291e+04 1251 Ar_lines.dat
15333.533 1.178e+05 1252 Ar_lines.dat
15339.600 7.601e+04 1253 Ar_lines.dat
15352.710 7.463e+04 1254 Ar_lines.dat
15353.000 7.463e+04 1255 Ar_lines.dat
15353.448 7.564e+04 1256 Ar_lines.dat
15353.500 7.564e+04 1257 Ar_lines.dat
15354.500 7.629e+04 1258 Ar_lines.dat
15361.200 3.774e+04 1259 Ar_lines.dat
15389.000 8.163e+03 1260 Ar_lines.dat
15390.400 8.530e+03 1261 Ar_lines.dat
15391.200 8.606e+03 1262 Ar_lines.dat
15393.700 9.570e+03 1263 Ar_lines.dat
15400.900 3.318e+04 1264 Ar_lines.dat
15408.000 4.669e+04 1265 Ar_lines.dat
15421.420 8.208e+03 1266 Ar_lines.dat
15421.610 8.208e+03 1267 Ar_lines.dat
15423.100 6.989e+03 1268 Ar_lines.dat
15424.100 6.861e+03 1269 Ar_lines.dat
15426.590 7.176e+03 1270 Ar_lines.dat
15432.740 8.944e+03 1271 Ar_lines.dat
15432.800 8.944e+03 1272 Ar_lines.dat
15450.993 9.251e+03 1273 Ar_lines.dat
15453.310 9.085e+03 1274 Ar_lines.dat
15472.000 7.106e+03 1275 Ar_lines.dat
15473.000 6.659e+03 1276 Ar_lines.dat
15517.700 6.578e+03 1277 Ar_lines.dat
15522.200 6.721e+03 1278 Ar_lines.dat
15523.300 6.869e+03 1279 Ar_lines.dat
15542.300 5.005e+03 1280 Ar_lines.dat
15566.500 6.020e+03 1281 Ar_lines.dat
15567.240 6.436e+03 1282 Ar_lines.dat
15567.400 6.436e+03 1283 Ar_lines.dat
15570.600 5.510e+03 1284 Ar_lines.dat
15573.330 5.224e+03 1285 Ar_lines.dat
15587.630 5.365e+03 1286 Ar_lines.dat
15601.500 6.441e+03 1287 Ar_lines.dat
15603.200 6.660e+03 1288 Ar_lines.dat
15604.300 6.080e+03 1289 Ar_lines.dat
15611.500 5.286e+03 1290 Ar_lines.dat
15620.100 4.766e+03 1291 Ar_lines.dat
15620.900 4.766e+03 1292 Ar_lines.dat
15624.800 6.050e+03 1293 Ar_lines.dat
15625.800 6.050e+03 1294 Ar_lines.dat
15634.000 6.304e+03 1295 Ar_lines.dat
15650.630 4.950e+03 1296 Ar_lines.dat
15654.070 5.509e+03 1297 Ar_lines.dat
15668.500 6.076e+03 1298 Ar_lines.dat
15691.407 6.800e+03 1299 Ar_lines.dat
15698.460 5.647e+03 1300 Ar_lines.dat
15698.480 5.647e+03 1301 Ar_lines.dat
15705.070 6.408e+03 1302 Ar_lines.dat
15711.110 6.922e+03 1303 Ar_lines.dat
15729.205 9.313e+03 1304 Ar_lines.dat
15760.588 6.385e+03 1305 Ar_lines.dat
15769.270 8.692e+03 1306 Ar_lines.dat
15806.680 5.297e+03 1307 Ar_lines.dat
15807.680 4.699e+03 1308 Ar_lines.dat
15819.240 7.887e+03 1309 Ar_lines.dat
15820.230 8.137e+03 1310 Ar_lines.dat
15823.270 9.043e+03 1311 Ar_lines.dat
15831.184 5.381e+03 1312 Ar_lines.dat
15831.610 5.381e+03 1313 Ar_lines.dat
15841.770 6.826e+03 1314 Ar_lines.dat
15847.320 1.218e+04 1315 Ar_lines.dat
15847.420 1.218e+04 1316 Ar_lines.dat
15849.570 1.067e+04 1317 Ar_lines.dat
15863.150 6.490e+03 1318 Ar_lines.dat
15888.400 1.810e+04 1319 Ar_lines.dat
15889.190 1.871e+04 1320 Ar_lines.dat
15903.970 3.932e+04 1321 Ar_lines.dat
15904.031 3.752e+04 1322 Ar_lines.dat
15904.320 3.752e+04 1323 Ar_lines.dat
15911.100 2.205e+04 1324 Ar_lines.dat
15911.890 2.205e+04 1325 Ar_lines.dat
15912.461 1.454e+04 1326 Ar_lines.dat
15939.370 5.194e+03 1327 Ar_lines.dat
15939.470 5.194e+03 1328 Ar_lines.dat
15955.390 6.035e+03 1329 Ar_lines.dat
15955.490 6.035e+03 1330 Ar_lines.dat
15990.120 9.878e+04 1331 Ar_lines.dat
15993.859 9.603e+04 1332 Ar_lines.dat
16008.280 5.252e+03 1333 Ar_lines.dat
16015.710 5.392e+03 1334 Ar_lines.dat
16016.740 4.927e+03 1335 Ar_lines.dat
16032.500 5.759e+03 1336 Ar_lines.dat
16045.010 5.838e+03 1337 Ar_lines.dat
16046.040 5.356e+03 1338 Ar_lines.dat
16047.100 5.948e+03 1339 Ar_lines.dat
16064.670 7.017e+03 1340 Ar_lines.dat
16065.010 6.680e+03 1341 Ar_lines.dat
16066.040 6.208e+03 1342 Ar_lines.dat
16080.180 6.156e+03 1343 Ar_lines.dat
16082.800 7.056e+03 1344 Ar_lines.dat
16096.230 6.167e+03 1345 Ar_lines.dat
16096.330 6.167e+03 1346 Ar_lines.dat
16113.610 9.846e+03 1347 Ar_lines.dat
16114.106 9.296e+03 1348 Ar_lines.dat
16114.350 9.296e+03 1349 Ar_lines.dat
16115.160 1.257e+04 1350 Ar_lines.dat
16122.920 2.331e+04 1351 Ar_lines.dat
16123.730 2.470e+04 1352 Ar_lines.dat
16138.770 7.381e+03 1353 Ar_lines.dat
16139.580 6.466e+03 1354 Ar_lines.dat
16152.610 7.746e+03 1355 Ar_lines.dat
16153.430 7.490e+03 1356 Ar_lines.dat
16155.040 7.672e+03 1357 Ar_lines.dat
16160.000 8.570e+03 1358 Ar_lines.dat
16166.780 8.105e+03 1359 Ar_lines.dat
16166.880 8.105e+03 1360 Ar_lines.dat
16174.110 2.182e+04 1361 Ar_lines.dat
16175.410 3.014e+04 1362 Ar_lines.dat
16179.060 4.269e+04 1363 Ar_lines.dat
16179.080 4.269e+04 1364 Ar_lines.dat
16185.870 4.481e+04 1365 Ar_lines.dat
16186.080 4.306e+04 1366 Ar_lines.dat
16191.360 2.252e+04 1367 Ar_lines.dat
16191.460 2.252e+04 1368 Ar_lines.dat
16205.650 6.096e+03 1369 Ar_lines.dat
16207.730 6.045e+03 1370 Ar_lines.dat
16207.830 6.045e+03 1371 Ar_lines.dat
16211.320 6.120e+03 1372 Ar_lines.dat
16217.920 7.449e+03 1373 Ar_lines.dat
16251.840 7.464e+03 1374 Ar_lines.dat
16266.720 1.037e+04 1375 Ar_lines.dat
16305.500 5.697e+03 1376 Ar_lines.dat
16320.220 6.670e+03 1377 Ar_lines.dat
16326.990 6.798e+03 1378 Ar_lines.dat
16328.050 6.567e+03 1379 Ar_lines.dat
16355.030 6.691e+03 1380 Ar_lines.dat
16356.090 7.238e+03 1381 Ar_lines.dat
16381.580 5.549e+03 1382 Ar_lines.dat
16382.650 5.549e+03 1383 Ar_lines.dat
16398.670 5.779e+03 1384 Ar_lines.dat
16410.670 6.555e+03 1385 Ar_lines.dat
16411.900 5.855e+03 1386 Ar_lines.dat
16423.060 7.519e+03 1387 Ar_lines.dat
16424.150 9.418e+03 1388 Ar_lines.dat
16424.260 9.418e+03 1389 Ar_lines.dat
16430.480 1.752e+04 1390 Ar_lines.dat
16431.320 2.479e+04 1391 Ar_lines.dat
16438.420 3.366e+04 1392 Ar_lines.dat
16439.270 3.316e+04 1393 Ar_lines.dat
16441.065 3.229e+04 1394 Ar_lines.dat
16459.600 6.657e+03 1395 Ar_lines.dat
16460.450 6.764e+03 1396 Ar_lines.dat
16466.840 7.222e+03 1397 Ar_lines.dat
16467.690 7.905e+03 1398 Ar_lines.dat
16484.990 7.247e+03 1399 Ar_lines.dat
16485.090 6.804e+03 1400 Ar_lines.dat
16485.380 6.804e+03 1401 Ar_lines.dat
16492.980 6.575e+03 1402 Ar_lines.dat
16514.310 1.089e+05 1403 Ar_lines.dat
16514.410 1.089e+05 1404 Ar_lines.dat
16524.380 1.471e+05 1405 Ar_lines.dat
16540.260 1.190e+04 1406 Ar_lines.dat
16540.360 1.190e+04 1407 Ar_lines.dat
16553.828 3.682e+04 1408 Ar_lines.dat
16554.921 3.682e+04 1409 Ar_lines.dat
16582.420 7.311e+03 1410 Ar_lines.dat
16649.990 7.934e+03 1411 Ar_lines.dat
16737.550 6.517e+04 1412 Ar_lines.dat
16738.680 7.539e+04 1413 Ar_lines.dat
16739.790 8.546e+04 1414 Ar_lines.dat
16744.980 8.772e+04 1415 Ar_lines.dat
16746.100 8.168e+04 1416 Ar_lines.dat
16756.590 9.633e+03 1417 Ar_lines.dat
16782.810 7.520e+03 1418 Ar_lines.dat
16783.125 6.594e+03 1419 Ar_lines.dat
16804.690 7.369e+03 1420 Ar_lines.dat
16805.234 8.641e+03 1421 Ar_lines.dat
16809.920 7.412e+03 1422 Ar_lines.dat
16814.200 6.646e+03 1423 Ar_lines.dat
16817.270 7.537e+03 1424 Ar_lines.dat
16817.490 7.537e+03 1425 Ar_lines.dat
16830.740 6.866e+03 1426 Ar_lines.dat
16853.540 6.236e+03 1427 Ar_lines.dat
16854.430 6.994e+03 1428 Ar_lines.dat
16855.820 5.625e+03 1429 Ar_lines.dat
16856.710 6.562e+03 1430 Ar_lines.dat
16862.210 6.201e+03 1431 Ar_lines.dat
16863.100 7.694e+03 1432 Ar_lines.dat
16868.450 6.967e+03 1433 Ar_lines.dat
16868.570 6.967e+03 1434 Ar_lines.dat
16873.740 5.959e+03 1435 Ar_lines.dat
16878.260 6.586e+03 1436 Ar_lines.dat
16879.160 5.855e+03 1437 Ar_lines.dat
16910.910 6.760e+03 1438 Ar_lines.dat
16911.010 7.999e+03 1439 Ar_lines.dat
16913.190 8.703e+03 1440 Ar_lines.dat
16917.240 1.092e+04 1441 Ar_lines.dat
16918.390 1.178e+04 1442 Ar_lines.dat
16933.050 4.028e+05 1443 Ar_lines.dat
16934.749 5.990e+05 1444 Ar_lines.dat
16935.790 5.990e+05 1445 Ar_lines.dat
16935.900 5.990e+05 1446 Ar_lines.dat
16945.211 7.207e+05 1447 Ar_lines.dat
16946.310 7.207e+05 1448 Ar_lines.dat
16990.960 8.928e+03 1449 Ar_lines.dat
16991.070 8.927e+03 1450 Ar_lines.dat
17052.880 7.321e+03 1451 Ar_lines.dat
17081.757 6.921e+03 1452 Ar_lines.dat
17091.830 7.495e+03 1453 Ar_lines.dat
17103.110 7.130e+03 1454 Ar_lines.dat
17108.550 8.378e+03 1455 Ar_lines.dat
17108.720 8.378e+03 1456 Ar_lines.dat
17119.392 8.841e+03 1457 Ar_lines.dat
17119.590 8.841e+03 1458 Ar_lines.dat
17132.185 9.951e+03 1459 Ar_lines.dat
17132.223 9.951e+03 1460 Ar_lines.dat
17159.520 8.034e+03 1461 Ar_lines.dat
17159.550 8.034e+03 1462 Ar_lines.dat
17167.180 8.234e+03 1463 Ar_lines.dat
17167.410 8.234e+03 1464 Ar_lines.dat
17175.110 6.962e+03 1465 Ar_lines.dat
17181.220 8.183e+03 1466 Ar_lines.dat
17183.936 8.235e+03 1467 Ar_lines.dat
17242.920 9.054e+03 1468 Ar_lines.dat
17277.290 8.403e+03 1469 Ar_lines.dat
17300.817 8.924e+03 1470 Ar_lines.dat
17320.040 8.007e+03 1471 Ar_lines.dat
17335.200 8.164e+03 1472 Ar_lines.dat
17368.840 6.854e+03 1473 Ar_lines.dat
17370.040 6.773e+03 1474 Ar_lines.dat
17405.570 9.320e+03 1475 Ar_lines.dat
17406.661 8.367e+03 1476 Ar_lines.dat
17449.668 5.086e+04 1477 Ar_lines.dat
17452.720 4.804e+04 1478 Ar_lines.dat
17459.660 1.318e+04 1479 Ar_lines.dat
17460.610 1.410e+04 1480 Ar_lines.dat
17466.170 1.018e+04 1481 Ar_lines.dat
17467.510 1.020e+04 1482 Ar_lines.dat
17487.970 8.129e+03 1483 Ar_lines.dat
17489.190 8.282e+03 1484 Ar_lines.dat
17495.000 6.880e+03 1485 Ar_lines.dat
17495.950 8.428e+03 1486 Ar_lines.dat
17496.780 7.699e+03 1487 Ar_lines.dat
17496.910 7.699e+03 1488 Ar_lines.dat
17512.070 7.038e+03 1489 Ar_lines.dat
17513.290 7.233e+03 1490 Ar_lines.dat
17520.780 6.852e+03 1491 Ar_lines.dat
17521.220 7.630e+03 1492 Ar_lines.dat
17521.340 7.630e+03 1493 Ar_lines.dat
17535.310 6.460e+03 1494 Ar_lines.dat
17536.270 7.221e+03 1495 Ar_lines.dat
17556.810 7.913e+03 1496 Ar_lines.dat
17562.100 6.762e+03 1497 Ar_lines.dat
17566.300 5.523e+03 1498 Ar_lines.dat
17586.840 8.083e+03 1499 Ar_lines.dat
17597.410 8.478e+03 1500 Ar_lines.dat
17597.530 8.478e+03 1501 Ar_lines.dat
17615.870 6.775e+03 1502 Ar_lines.dat
17616.840 7.377e+03 1503 Ar_lines.dat
17618.180 7.395e+03 1504 Ar_lines.dat
17618.620 7.395e+03 1505 Ar_lines.dat
17628.620 7.746e+03 1506 Ar_lines.dat
17628.740 7.746e+03 1507 Ar_lines.dat
17666.950 6.673e+03 1508 Ar_lines.dat
17675.030 7.301e+03 1509 Ar_lines.dat
17680.930 8.308e+03 1510 Ar_lines.dat
17681.120 7.629e+03 1511 Ar_lines.dat
17692.160 7.007e+03 1512 Ar_lines.dat
17692.520 7.007e+03 1513 Ar_lines.dat
17706.180 7.604e+03 1514 Ar_lines.dat
17761.010 7.298e+03 1515 Ar_lines.dat
17768.930 8.472e+03 1516 Ar_lines.dat
17809.660 7.561e+03 1517 Ar_lines.dat
17827.540 2.500e+04 1518 Ar_lines.dat
17919.521 3.584e+05 1519 Ar_lines.dat
17919.618 3.584e+05 1520 Ar_lines.dat
18039.670 7.801e+03 1521 Ar_lines.dat
18045.660 7.036e+03 1522 Ar_lines.dat
18046.080 6.186e+03 1523 Ar_lines.dat
18046.120 6.186e+03 1524 Ar_lines.dat
18055.170 5.723e+03 1525 Ar_lines.dat
18083.580 6.306e+03 1526 Ar_lines.dat
18084.890 5.784e+03 1527 Ar_lines.dat
18086.771 5.660e+03 1528 Ar_lines.dat
18132.807 4.520e+03 1529 Ar_lines.dat
18141.350 4.362e+03 1530 Ar_lines.dat
18151.750 5.278e+03 1531 Ar_lines.dat
18190.705 5.302e+03 1532 Ar_lines.dat
18202.570 6.667e+03 1533 Ar_lines.dat
18209.140 6.080e+03 1534 Ar_lines.dat
18221.240 6.434e+03 1535 Ar_lines.dat
18221.420 6.434e+03 1536 Ar_lines.dat
18236.327 7.810e+03 1537 Ar_lines.dat
18237.370 6.815e+03 1538 Ar_lines.dat
18238.690 7.065e+03 1539 Ar_lines.dat
18247.988 7.120e+03 1540 Ar_lines.dat
18265.598 5.501e+03 1541 Ar_lines.dat
18266.340 5.722e+03 1542 Ar_lines.dat
18282.540 5.965e+03 1543 Ar_lines.dat
18296.354 4.747e+03 1544 Ar_lines.dat
18346.500 7.130e+03 1545 Ar_lines.dat
18347.560 7.573e+03 1546 Ar_lines.dat
18347.680 7.573e+03 1547 Ar_lines.dat
18349.840 8.704e+03 1548 Ar_lines.dat
18351.190 8.482e+03 1549 Ar_lines.dat
18362.320 7.244e+03 1550 Ar_lines.dat
18366.100 5.771e+03 1551 Ar_lines.dat
18374.220 5.523e+03 1552 Ar_lines.dat
18376.510 5.338e+03 1553 Ar_lines.dat
18377.570 5.780e+03 1554 Ar_lines.dat
18379.260 5.993e+03 1555 Ar_lines.dat
18379.848 5.993e+03 1556 Ar_lines.dat
18384.710 6.572e+03 1557 Ar_lines.dat
18414.500 1.812e+04 1558 Ar_lines.dat
18414.630 1.812e+04 1559 Ar_lines.dat
18426.648 7.133e+04 1560 Ar_lines.dat
18433.730 7.003e+04 1561 Ar_lines.dat
18434.860 6.291e+04 1562 Ar_lines.dat
18435.000 6.291e+04 1563 Ar_lines.dat
18435.090 6.291e+04 1564 Ar_lines.dat
18437.300 5.431e+04 1565 Ar_lines.dat
18441.319 2.435e+04 1566 Ar_lines.dat
18442.560 1.623e+04 1567 Ar_lines.dat
18443.630 1.623e+04 1568 Ar_lines.dat
18444.730 9.444e+03 1569 Ar_lines.dat
18449.300 8.305e+03 1570 Ar_lines.dat
18449.680 8.305e+03 1571 Ar_lines.dat
18472.670 4.952e+03 1572 Ar_lines.dat
18473.525 5.765e+03 1573 Ar_lines.dat
18475.800 5.909e+03 1574 Ar_lines.dat
18476.410 5.909e+03 1575 Ar_lines.dat
18490.680 7.830e+03 1576 Ar_lines.dat
18490.710 7.830e+03 1577 Ar_lines.dat
18491.780 7.442e+03 1578 Ar_lines.dat
18495.030 7.389e+03 1579 Ar_lines.dat
18501.150 5.116e+03 1580 Ar_lines.dat
18511.270 4.269e+03 1581 Ar_lines.dat
18511.400 4.269e+03 1582 Ar_lines.dat
18512.040 4.269e+03 1583 Ar_lines.dat
18545.790 5.518e+03 1584 Ar_lines.dat
18553.340 5.317e+03 1585 Ar_lines.dat
18553.891 5.317e+03 1586 Ar_lines.dat
18554.430 5.317e+03 1587 Ar_lines.dat
18563.491 5.428e+03 1588 Ar_lines.dat
18581.270 7.921e+03 1589 Ar_lines.dat
18581.400 7.921e+03 1590 Ar_lines.dat
18598.850 5.626e+03 1591 Ar_lines.dat
18618.340 4.051e+03 1592 Ar_lines.dat
18637.376 7.926e+03 1593 Ar_lines.dat
18646.710 5.929e+03 1594 Ar_lines.dat
18646.747 5.929e+03 1595 Ar_lines.dat
18648.620 6.272e+03 1596 Ar_lines.dat
18662.690 5.967e+03 1597 Ar_lines.dat
18669.160 4.989e+03 1598 Ar_lines.dat
18670.780 4.989e+03 1599 Ar_lines.dat
18684.660 4.949e+03 1600 Ar_lines.dat
18684.730 4.949e+03 1601 Ar_lines.dat
18694.020 4.655e+03 1602 Ar_lines.dat
18703.790 4.674e+03 1603 Ar_lines.dat
18711.860 5.308e+03 1604 Ar_lines.dat
18728.872 4.928e+03 1605 Ar_lines.dat
18750.123 5.738e+03 1606 Ar_lines.dat
18755.230 5.274e+03 1607 Ar_lines.dat
18759.608 5.762e+03 1608 Ar_lines.dat
18760.508 5.762e+03 1609 Ar_lines.dat
18768.573 4.818e+03 1610 Ar_lines.dat
18778.030 3.617e+03 1611 Ar_lines.dat
18786.880 4.646e+03 1612 Ar_lines.dat
18814.790 5.503e+03 1613 Ar_lines.dat
18823.680 4.113e+03 1614 Ar_lines.dat
18858.500 4.053e+03 1615 Ar_lines.dat
18858.700 4.053e+03 1616 Ar_lines.dat
18869.390 3.657e+03 1617 Ar_lines.dat
18871.300 4.198e+03 1618 Ar_lines.dat
18871.670 4.198e+03 1619 Ar_lines.dat
18882.917 4.752e+03 1620 Ar_lines.dat
18898.900 3.679e+03 1621 Ar_lines.dat
18908.092 3.692e+03 1622 Ar_lines.dat
18929.434 4.431e+03 1623 Ar_lines.dat
18941.770 4.451e+03 1624 Ar_lines.dat
18958.300 5.347e+03 1625 Ar_lines.dat
18965.060 5.678e+03 1626 Ar_lines.dat
18975.210 5.348e+03 1627 Ar_lines.dat
18987.100 2.938e+03 1628 Ar_lines.dat
19009.080 4.634e+03 1629 Ar_lines.dat
19011.390 4.571e+03 1630 Ar_lines.dat
19020.410 5.201e+03 1631 Ar_lines.dat
19024.148 5.640e+03 1632 Ar_lines.dat
19028.290 5.527e+03 1633 Ar_lines.dat
19031.660 4.799e+03 1634 Ar_lines.dat
19038.590 4.996e+03 1635 Ar_lines.dat
19044.430 4.062e+03 1636 Ar_lines.dat
19069.220 3.950e+03 1637 Ar_lines.dat
19070.890 3.950e+03 1638 Ar_lines.dat
19082.900 4.455e+03 1639 Ar_lines.dat
19087.490 3.722e+03 1640 Ar_lines.dat
19105.100 3.993e+03 1641 Ar_lines.dat
19106.490 3.451e+03 1642 Ar_lines.dat
19124.500 3.829e+03 1643 Ar_lines.dat
19130.000 -2.263e+03 1644 Ar_lines.dat
19139.200 -1.542e+03 1645 Ar_lines.dat
19142.730 -1.190e+03 1646 Ar_lines.dat
19166.649 3.827e+03 1647 Ar_lines.dat
19184.160 3.807e+03 1648 Ar_lines.dat
19186.500 3.928e+03 1649 Ar_lines.dat
19261.300 3.749e+03 1650 Ar_lines.dat
19263.890 4.240e+03 1651 Ar_lines.dat
19294.520 4.276e+03 1652 Ar_lines.dat
19323.900 3.917e+03 1653 Ar_lines.dat
19331.390 4.200e+03 1654 Ar_lines.dat
19361.900 3.723e+03 1655 Ar_lines.dat
19362.230 3.723e+03 1656 Ar_lines.dat
19366.560 4.188e+03 1657 Ar_lines.dat
19367.180 4.493e+03 1658 Ar_lines.dat
19374.280 3.867e+03 1659 Ar_lines.dat
19376.750 4.041e+03 1660 Ar_lines.dat
19395.710 3.191e+03 1661 Ar_lines.dat
19415.090 3.569e+03 1662 Ar_lines.dat
19417.160 3.721e+03 1663 Ar_lines.dat
19426.180 3.280e+03 1664 Ar_lines.dat
19432.260 3.271e+03 1665 Ar_lines.dat
19436.274 3.803e+03 1666 Ar_lines.dat
19437.238 3.424e+03 1667 Ar_lines.dat
19439.511 3.436e+03 1668 Ar_lines.dat
19440.000 3.436e+03 1669 Ar_lines.dat
19446.460 3.996e+03 1670 Ar_lines.dat
19455.770 2.853e+03 1671 Ar_lines.dat
19465.880 3.959e+03 1672 Ar_lines.dat
19466.860 3.959e+03 1673 Ar_lines.dat
19469.800 4.609e+03 1674 Ar_lines.dat
19475.530 3.584e+03 1675 Ar_lines.dat
19476.135 4.086e+03 1676 Ar_lines.dat
19477.590 3.564e+03 1677 Ar_lines.dat
19490.223 4.327e+03 1678 Ar_lines.dat
19491.800 4.327e+03 1679 Ar_lines.dat
19515.260 4.607e+03 1680 Ar_lines.dat
19526.460 5.456e+03 1681 Ar_lines.dat
19556.360 5.472e+03 1682 Ar_lines.dat
19566.580 4.722e+03 1683 Ar_lines.dat
19571.560 4.703e+03 1684 Ar_lines.dat
19588.490 5.620e+03 1685 Ar_lines.dat
19596.320 4.579e+03 1686 Ar_lines.dat
19597.860 3.922e+03 1687 Ar_lines.dat
19613.558 5.485e+03 1688 Ar_lines.dat
19615.307 5.002e+03 1689 Ar_lines.dat
19628.360 5.694e+03 1690 Ar_lines.dat
19629.900 5.089e+03 1691 Ar_lines.dat
19633.574 5.337e+03 1692 Ar_lines.dat
19640.830 5.395e+03 1693 Ar_lines.dat
19652.652 3.791e+03 1694 Ar_lines.dat
19655.670 4.613e+03 1695 Ar_lines.dat
19717.720 5.029e+03 1696 Ar_lines.dat
19747.550 4.350e+03 1697 Ar_lines.dat
19748.770 5.530e+03 1698 Ar_lines.dat
19754.080 6.018e+03 1699 Ar_lines.dat
19757.070 4.826e+03 1700 Ar_lines.dat
19758.290 5.409e+03 1701 Ar_lines.dat
19770.180 3.547e+03 1702 Ar_lines.dat
19778.880 5.473e+03 1703 Ar_lines.dat
19789.640 5.701e+03 1704 Ar_lines.dat
19790.860 5.053e+03 1705 Ar_lines.dat
19818.210 2.156e+04 1706 Ar_lines.dat
19820.040 1.981e+04 1707 Ar_lines.dat
19820.100 1.981e+04 1708 Ar_lines.dat
19822.918 1.683e+04 1709 Ar_lines.dat
19826.350 8.802e+03 1710 Ar_lines.dat
19826.490 8.802e+03 1711 Ar_lines.dat
19831.660 5.480e+03 1712 Ar_lines.dat
19835.940 5.758e+03 1713 Ar_lines.dat
19842.570 5.226e+03 1714 Ar_lines.dat
19843.580 5.983e+03 1715 Ar_lines.dat
19843.800 5.983e+03 1716 Ar_lines.dat
19847.260 5.834e+03 1717 Ar_lines.dat
19855.299 5.084e+03 1718 Ar_lines.dat
19859.040 4.931e+03 1719 Ar_lines.dat
19862.580 5.202e+03 1720 Ar_lines.dat
19862.610 5.202e+03 1721 Ar_lines.dat
19873.040 5.570e+03 1722 Ar_lines.dat
19878.250 5.597e+03 1723 Ar_lines.dat
19889.700 5.060e+03 1724 Ar_lines.dat
19903.630 5.805e+03 1725 Ar_lines.dat
19908.490 5.682e+03 1726 Ar_lines.dat
19908.600 5.682e+03 1727 Ar_lines.dat
19912.250 4.399e+03 1728 Ar_lines.dat
19922.130 4.871e+03 1729 Ar_lines.dat
19922.280 4.871e+03 1730 Ar_lines.dat
19930.900 5.523e+03 1731 Ar_lines.dat
19948.840 6.320e+03 1732 Ar_lines.dat
19949.510 5.882e+03 1733 Ar_lines.dat
19949.670 5.882e+03 1734 Ar_lines.dat
19950.513 7.268e+03 1735 Ar_lines.dat
19954.958 6.385e+03 1736 Ar_lines.dat
19961.800 1.652e+04 1737 Ar_lines.dat
19962.560 1.590e+04 1738 Ar_lines.dat
20008.590 5.775e+03 1739 Ar_lines.dat
20011.790 6.200e+03 1740 Ar_lines.dat
20020.810 7.081e+03 1741 Ar_lines.dat
20031.139 5.695e+03 1742 Ar_lines.dat
20039.930 4.582e+03 1743 Ar_lines.dat
20043.440 5.163e+03 1744 Ar_lines.dat
20054.610 4.043e+03 1745 Ar_lines.dat
20101.680 5.053e+03 1746 Ar_lines.dat
20115.000 4.387e+03 1747 Ar_lines.dat
20118.230 5.228e+03 1748 Ar_lines.dat
20120.750 5.311e+03 1749 Ar_lines.dat
20121.080 4.575e+03 1750 Ar_lines.dat
20121.230 4.575e+03 1751 Ar_lines.dat
20127.350 6.179e+03 1752 Ar_lines.dat
20138.979 4.110e+03 1753 Ar_lines.dat
20150.220 5.138e+03 1754 Ar_lines.dat
20196.974 4.940e+03 1755 Ar_lines.dat
20211.820 5.853e+03 1756 Ar_lines.dat
20213.450 5.296e+03 1757 Ar_lines.dat
20223.910 5.035e+03 1758 Ar_lines.dat
20231.850 4.804e+03 1759 Ar_lines.dat
20258.000 4.356e+03 1760 Ar_lines.dat
20261.002 4.612e+03 1761 Ar_lines.dat
20277.900 5.250e+03 1762 Ar_lines.dat
20320.950 1.673e+04 1763 Ar_lines.dat
20339.976 5.118e+03 1764 Ar_lines.dat
20343.460 5.561e+03 1765 Ar_lines.dat
20352.804 6.342e+03 1766 Ar_lines.dat
20358.100 5.489e+03 1767 Ar_lines.dat
20364.010 4.216e+03 1768 Ar_lines.dat
20376.670 5.302e+03 1769 Ar_lines.dat
20386.280 5.133e+03 1770 Ar_lines.dat
20390.700 5.608e+03 1771 Ar_lines.dat
20392.039 4.901e+03 1772 Ar_lines.dat
20394.319 5.755e+03 1773 Ar_lines.dat
20395.640 4.945e+03 1774 Ar_lines.dat
20439.020 6.378e+03 1775 Ar_lines.dat
20442.360 6.235e+03 1776 Ar_lines.dat
20451.770 5.850e+03 1777 Ar_lines.dat
20481.430 5.719e+03 1778 Ar_lines.dat
20482.341 5.719e+03 1779 Ar_lines.dat
20557.749 6.834e+03 1780 Ar_lines.dat
20558.666 6.745e+03 1781 Ar_lines.dat
20560.797 7.059e+03 1782 Ar_lines.dat
20574.430 6.133e+03 1783 Ar_lines.dat
20586.980 5.801e+03 1784 Ar_lines.dat
20638.250 1.195e+04 1785 Ar_lines.dat
20638.290 1.195e+04 1786 Ar_lines.dat
20651.770 1.119e+04 1787 Ar_lines.dat
20652.770 1.119e+04 1788 Ar_lines.dat
20666.450 6.667e+03 1789 Ar_lines.dat
20667.540 5.866e+03 1790 Ar_lines.dat
20670.920 6.200e+03 1791 Ar_lines.dat
20687.830 6.196e+03 1792 Ar_lines.dat
20704.600 5.997e+03 1793 Ar_lines.dat
20709.320 6.460e+03 1794 Ar_lines.dat
20716.780 6.247e+03 1795 Ar_lines.dat
20736.510 7.978e+03 1796 Ar_lines.dat
20748.570 5.750e+03 1797 Ar_lines.dat
20767.900 5.737e+03 1798 Ar_lines.dat
20772.780 4.675e+03 1799 Ar_lines.dat
20816.722 6.583e+03 1800 Ar_lines.dat
20865.870 4.675e+03 1801 Ar_lines.dat
20868.670 5.356e+03 1802 Ar_lines.dat
20873.100 6.420e+03 1803 Ar_lines.dat
20887.490 5.747e+03 1804 Ar_lines.dat
20907.400 6.144e+03 1805 Ar_lines.dat
20913.846 6.113e+03 1806 Ar_lines.dat
20919.180 4.554e+03 1807 Ar_lines.dat
20920.370 4.570e+03 1808 Ar_lines.dat
20956.500 5.157e+03 1809 Ar_lines.dat
20976.840 7.256e+04 1810 Ar_lines.dat
20984.440 1.170e+05 1811 Ar_lines.dat
20991.839 5.854e+04 1812 Ar_lines.dat
21021.200 4.966e+03 1813 Ar_lines.dat
21035.520 5.108e+03 1814 Ar_lines.dat
21055.923 6.438e+03 1815 Ar_lines.dat
21084.980 6.857e+03 1816 Ar_lines.dat
21092.230 6.368e+03 1817 Ar_lines.dat
21093.820 6.543e+03 1818 Ar_lines.dat
21125.352 5.527e+03 1819 Ar_lines.dat
21142.138 5.595e+03 1820 Ar_lines.dat
21143.108 5.595e+03 1821 Ar_lines.dat
21145.190 5.664e+03 1822 Ar_lines.dat
21145.361 5.664e+03 1823 Ar_lines.dat
21154.360 6.299e+03 1824 Ar_lines.dat
21176.570 6.642e+03 1825 Ar_lines.dat
21210.500 5.548e+03 1826 Ar_lines.dat
21214.740 5.657e+03 1827 Ar_lines.dat
21237.090 6.148e+03 1828 Ar_lines.dat
21285.300 3.902e+03 1829 Ar_lines.dat
21307.300 5.775e+03 1830 Ar_lines.dat
21328.740 1.127e+04 1831 Ar_lines.dat
21335.130 1.190e+04 1832 Ar_lines.dat
21337.330 1.055e+04 1833 Ar_lines.dat
21371.320 5.258e+03 1834 Ar_lines.dat
21390.130 4.172e+03 1835 Ar_lines.dat
21395.830 4.393e+03 1836 Ar_lines.dat
21412.280 4.356e+03 1837 Ar_lines.dat
21431.920 4.921e+03 1838 Ar_lines.dat
21460.500 5.734e+03 1839 Ar_lines.dat
21508.270 4.344e+03 1840 Ar_lines.dat
21508.670 4.344e+03 1841 Ar_lines.dat
21520.770 6.499e+03 1842 Ar_lines.dat
21538.855 1.306e+04 1843 Ar_lines.dat
21545.140 4.642e+03 1844 Ar_lines.dat
21548.780 4.736e+03 1845 Ar_lines.dat
21558.330 4.181e+03 1846 Ar_lines.dat
21571.100 3.825e+03 1847 Ar_lines.dat
21595.300 3.884e+03 1848 Ar_lines.dat
21602.370 3.863e+03 1849 Ar_lines.dat
21604.810 3.698e+03 1850 Ar_lines.dat
21607.780 3.846e+03 1851 Ar_lines.dat
21633.800 3.645e+03 1852 Ar_lines.dat
21640.400 3.883e+03 1853 Ar_lines.dat
21663.130 3.836e+03 1854 Ar_lines.dat
21675.980 3.732e+03 1855 Ar_lines.dat
21691.362 3.412e+03 1856 Ar_lines.dat
21707.040 7.056e+03 1857 Ar_lines.dat
21708.240 7.066e+03 1858 Ar_lines.dat
21722.530 3.043e+03 1859 Ar_lines.dat
21739.190 2.972e+03 1860 Ar_lines.dat
21741.070 2.649e+03 1861 Ar_lines.dat
21754.650 3.032e+03 1862 Ar_lines.dat
21756.000 3.175e+03 1863 Ar_lines.dat
21756.770 3.175e+03 1864 Ar_lines.dat
21779.000 3.315e+03 1865 Ar_lines.dat
21886.000 4.860e+03 1866 Ar_lines.dat
21938.700 4.046e+03 1867 Ar_lines.dat
21970.700 2.461e+03 1868 Ar_lines.dat
22005.400 3.403e+03 1869 Ar_lines.dat
22007.000 3.197e+03 1870 Ar_lines.dat
22058.500 4.568e+03 1871 Ar_lines.dat
22082.100 1.071e+04 1872 Ar_lines.dat
22092.370 3.687e+03 1873 Ar_lines.dat
22092.800 3.687e+03 1874 Ar_lines.dat
22093.100 2.794e+03 1875 Ar_lines.dat
22106.300 4.452e+03 1876 Ar_lines.dat
22118.660 4.419e+03 1877 Ar_lines.dat
22121.320 4.017e+03 1878 Ar_lines.dat
22135.800 2.325e+03 1879 Ar_lines.dat
22148.300 2.684e+03 1880 Ar_lines.dat
22152.900 3.570e+03 1881 Ar_lines.dat
22177.200 2.712e+03 1882 Ar_lines.dat
22192.100 2.196e+03 1883 Ar_lines.dat
22203.870 3.281e+03 1884 Ar_lines.dat
22205.840 3.453e+03 1885 Ar_lines.dat
22260.800 4.806e+03 1886 Ar_lines.dat
22278.800 1.722e+03 1887 Ar_lines.dat
22288.500 1.589e+03 1888 Ar_lines.dat
22293.600 2.072e+03 1889 Ar_lines.dat
22294.800 2.295e+03 1890 Ar_lines.dat
22294.900 2.295e+03 1891 Ar_lines.dat
22296.450 2.360e+03 1892 Ar_lines.dat
22323.000 2.539e+03 1893 Ar_lines.dat
22345.200 1.337e+03 1894 Ar_lines.dat
22358.800 2.669e+03 1895 Ar_lines.dat
22364.150 1.625e+03 1896 Ar_lines.dat
22390.000 1.451e+03 1897 Ar_lines.dat
22395.390 2.366e+03 1898 Ar_lines.dat
22395.580 2.366e+03 1899 Ar_lines.dat
22401.800 2.857e+03 1900 Ar_lines.dat
22410.470 3.004e+03 1901 Ar_lines.dat
22412.040 2.277e+03 1902 Ar_lines.dat
22416.800 1.316e+03 1903 Ar_lines.dat
22420.600 1.423e+03 1904 Ar_lines.dat
22430.300 1.587e+03 1905 Ar_lines.dat
22460.800 3.148e+03 1906 Ar_lines.dat
22484.600 2.561e+03 1907 Ar_lines.dat
22491.800 3.529e+03 1908 Ar_lines.dat
22498.200 3.203e+03 1909 Ar_lines.dat
22510.810 1.528e+03 1910 Ar_lines.dat
22512.000 2.035e+03 1911 Ar_lines.dat
22528.800 1.528e+03 1912 Ar_lines.dat
22541.300 1.942e+03 1913 Ar_lines.dat
22541.500 1.942e+03 1914 Ar_lines.dat
22546.400 2.098e+03 1915 Ar_lines.dat
22548.100 2.335e+03 1916 Ar_lines.dat
22581.800 2.106e+03 1917 Ar_lines.dat
22625.790 2.015e+03 1918 Ar_lines.dat
22627.390 1.623e+03 1919 Ar_lines.dat
22646.680 1.490e+03 1920 Ar_lines.dat
22648.730 1.512e+03 1921 Ar_lines.dat
22653.600 1.833e+03 1922 Ar_lines.dat
22669.600 2.845e+03 1923 Ar_lines.dat
22674.700 2.165e+03 1924 Ar_lines.dat
22676.500 2.215e+03 1925 Ar_lines.dat
22677.000 2.215e+03 1926 Ar_lines.dat
22713.220 2.227e+03 1927 Ar_lines.dat
22713.430 2.227e+03 1928 Ar_lines.dat
22722.800 2.420e+03 1929 Ar_lines.dat
22729.290 2.050e+03 1930 Ar_lines.dat
22729.490 2.050e+03 1931 Ar_lines.dat
22733.100 2.081e+03 1932 Ar_lines.dat
22734.900 1.654e+03 1933 Ar_lines.dat
22827.400 3.419e+03 1934 Ar_lines.dat
22830.500 2.915e+03 1935 Ar_lines.dat
22861.640 2.170e+03 1936 Ar_lines.dat
22863.270 2.475e+03 1937 Ar_lines.dat
22883.859 3.254e+03 1938 Ar_lines.dat
22897.700 3.188e+03 1939 Ar_lines.dat
22900.890 2.624e+03 1940 Ar_lines.dat
22902.990 2.927e+03 1941 Ar_lines.dat
22935.890 1.851e+03 1942 Ar_lines.dat
22936.080 1.851e+03 1943 Ar_lines.dat
22957.300 2.900e+03 1944 Ar_lines.dat
22962.570 2.253e+03 1945 Ar_lines.dat
22997.500 2.065e+03 1946 Ar_lines.dat
23028.500 2.230e+03 1947 Ar_lines.dat
23049.640 3.913e+03 1948 Ar_lines.dat
23052.500 3.865e+03 1949 Ar_lines.dat
23179.900 2.871e+03 1950 Ar_lines.dat
23260.310 3.101e+03 1951 Ar_lines.dat
23372.700 3.097e+03 1952 Ar_lines.dat
23444.960 2.419e+03 1953 Ar_lines.dat
23457.100 3.732e+03 1954 Ar_lines.dat
23467.500 2.449e+03 1955 Ar_lines.dat
23541.200 2.871e+03 1956 Ar_lines.dat
23556.200 3.881e+03 1957 Ar_lines.dat
23729.500 3.398e+03 1958 Ar_lines.dat
23787.600 2.440e+03 1959 Ar_lines.dat
23846.400 4.449e+03 1960 Ar_lines.dat
23847.300 2.251e+03 1961 Ar_lines.dat
23851.540 1.625e+03 1962 Ar_lines.dat
23911.250 2.401e+03 1963 Ar_lines.dat
23958.590 1.109e+04 1964 Ar_lines.dat
23987.900 2.154e+03 1965 Ar_lines.dat
24012.100 0.000e+00 1966 Ar_lines.dat
24138.100 0.000e+00 1967 Ar_lines.dat
24154.400 0.000e+00 1968 Ar_lines.dat
24156.000 0.000e+00 1969 Ar_lines.dat
24165.500 0.000e+00 1970 Ar_lines.dat
24223.000 0.000e+00 1971 Ar_lines.dat
24237.400 0.000e+00 1972 Ar_lines.dat
24286.400 0.000e+00 1973 Ar_lines.dat
24366.200 0.000e+00 1974 Ar_lines.dat
24379.200 0.000e+00 1975 Ar_lines.dat
24393.700 0.000e+00 1976 Ar_lines.dat
24424.800 0.000e+00 1977 Ar_lines.dat
24443.300 0.000e+00 1978 Ar_lines.dat
24524.100 0.000e+00 1979 Ar_lines.dat
24541.800 0.000e+00 1980 Ar_lines.dat
24553.300 0.000e+00 1981 Ar_lines.dat
24587.570 0.000e+00 1982 Ar_lines.dat
24623.100 0.000e+00 1983 Ar_lines.dat
24634.600 0.000e+00 1984 Ar_lines.dat
24645.400 0.000e+00 1985 Ar_lines.dat
24664.430 0.000e+00 1986 Ar_lines.dat
24691.000 0.000e+00 1987 Ar_lines.dat
24736.800 0.000e+00 1988 Ar_lines.dat
24756.000 0.000e+00 1989 Ar_lines.dat
24783.060 0.000e+00 1990 Ar_lines.dat
24785.170 0.000e+00 1991 Ar_lines.dat
24788.900 0.000e+00 1992 Ar_lines.dat
24840.200 0.000e+00 1993 Ar_lines.dat
24848.200 0.000e+00 1994 Ar_lines.dat
24856.700 0.000e+00 1995 Ar_lines.dat
24871.800 0.000e+00 1996 Ar_lines.dat
24923.500 0.000e+00 1997 Ar_lines.dat
24951.200 0.000e+00 1998 Ar_lines.dat
