9023.830 0.000e+00
9035.990 0.000e+00
9059.706 0.000e+00
9059.713 0.000e+00
9063.721 0.000e+00
9065.135 0.000e+00
9065.345 0.000e+00
9069.246 0.000e+00
9075.811 0.000e+00
9101.820 0.000e+00
9108.650 0.000e+00
9111.810 0.000e+00
9115.760 0.000e+00
9125.471 0.000e+00
9128.090 0.000e+00
9132.130 0.000e+00
9148.360 0.000e+00
9151.300 0.000e+00
9153.400 0.000e+00
9154.950 0.000e+00
9155.770 0.000e+00
9163.650 0.000e+00
9164.200 0.000e+00
9167.720 0.000e+00
9181.240 0.000e+00
9184.070 0.000e+00
9190.710 0.000e+00
9201.002 0.000e+00
9201.294 0.000e+00
9211.060 0.000e+00
9222.360 0.000e+00
9223.076 0.000e+00
9223.260 0.000e+00
9223.689 0.000e+00
9244.770 0.000e+00
9251.810 0.000e+00
9262.620 0.000e+00
9312.810 0.000e+00
9317.020 0.000e+00
9330.660 0.000e+00
9333.900 0.000e+00
9337.420 0.000e+00
9337.586 0.000e+00
9364.851 0.000e+00
9365.041 0.000e+00
9373.460 0.000e+00
9376.810 0.000e+00
9379.611 0.000e+00
9379.802 0.000e+00
9380.210 0.000e+00
9380.245 0.000e+00
9398.200 0.000e+00
9405.160 0.000e+00
9405.331 0.000e+00
9411.175 0.000e+00
9411.401 0.000e+00
9420.370 0.000e+00
9420.510 0.000e+00
9461.452 0.000e+00
9461.653 0.000e+00
9480.932 0.000e+00
9481.242 0.000e+00
9555.970 0.000e+00
9564.228 0.000e+00
9592.250 0.000e+00
9599.400 0.000e+00
9599.840 0.000e+00
9600.400 0.000e+00
9601.600 0.000e+00
9603.000 0.000e+00
9604.300 0.000e+00
9605.600 0.000e+00
9606.900 0.000e+00
9608.500 0.000e+00
9610.100 0.000e+00
9611.800 0.000e+00
9613.500 0.000e+00
9615.500 0.000e+00
9617.500 0.000e+00
9619.500 0.000e+00
9622.000 0.000e+00
9624.400 0.000e+00
9626.800 0.000e+00
9630.000 0.000e+00
9633.000 0.000e+00
9636.400 0.000e+00
9639.900 0.000e+00
9643.800 0.000e+00
9648.100 0.000e+00
9652.800 0.000e+00
9657.700 0.000e+00
9659.300 0.000e+00
9660.435 0.000e+00
9663.300 0.000e+00
9665.100 0.000e+00
9669.300 0.000e+00
9669.603 0.000e+00
9669.612 0.000e+00
9671.500 0.000e+00
9675.789 0.000e+00
9676.000 0.000e+00
9676.027 0.000e+00
9678.500 0.000e+00
9683.300 0.000e+00
9685.510 0.000e+00
9686.200 0.000e+00
9691.300 0.000e+00
9694.600 0.000e+00
9700.400 0.000e+00
9704.000 0.000e+00
9710.500 0.000e+00
9714.500 0.000e+00
9716.650 0.000e+00
9721.900 0.000e+00
9726.000 0.000e+00
9734.500 0.000e+00
9739.300 0.000e+00
9749.000 0.000e+00
9754.300 0.000e+00
9765.200 0.000e+00
9771.300 0.000e+00
9771.900 0.000e+00
9776.530 0.000e+00
9784.000 0.000e+00
9790.700 0.000e+00
9795.130 0.000e+00
9803.600 0.000e+00
9805.400 0.000e+00
9813.000 0.000e+00
9817.951 0.000e+00
9830.100 0.000e+00
9830.100 0.000e+00
9838.700 0.000e+00
9838.800 0.000e+00
9858.800 0.000e+00
9859.700 0.000e+00
9868.500 0.000e+00
9884.846 0.000e+00
9890.700 0.000e+00
9892.900 0.000e+00
9896.400 0.000e+00
9922.600 0.000e+00
9923.700 0.000e+00
9925.000 0.000e+00
9926.500 0.000e+00
9927.900 0.000e+00
9929.200 0.000e+00
9930.600 0.000e+00
9932.400 0.000e+00
9934.100 0.000e+00
9935.800 0.000e+00
9935.900 0.000e+00
9937.700 0.000e+00
9939.800 0.000e+00
9940.200 0.000e+00
9942.000 0.000e+00
9944.100 0.000e+00
9946.800 0.000e+00
9949.300 0.000e+00
9951.900 0.000e+00
9954.574 0.000e+00
9955.300 0.000e+00
9958.500 0.000e+00
9958.800 0.000e+00
9962.200 0.000e+00
9965.900 0.000e+00
9970.100 0.000e+00
9974.700 0.000e+00
9979.700 0.000e+00
9982.580 0.000e+00
9984.900 0.000e+00
9985.600 0.000e+00
9988.000 0.000e+00
9990.900 0.000e+00
9997.300 0.000e+00
9997.540 0.000e+00
10004.500 0.000e+00
10008.500 0.000e+00
10012.300 0.000e+00
10020.900 0.000e+00
10030.600 0.000e+00
10032.405 0.000e+00
10032.435 0.000e+00
10041.400 0.000e+00
10042.430 0.000e+00
10046.300 0.000e+00
10047.900 0.000e+00
10053.500 0.000e+00
10054.754 0.000e+00
10054.816 0.000e+00
10067.100 0.000e+00
10072.200 0.000e+00
10074.600 0.000e+00
10075.700 0.000e+00
10077.000 0.000e+00
10078.500 0.000e+00
10080.000 0.000e+00
10081.400 0.000e+00
10082.500 0.000e+00
10082.800 0.000e+00
10084.600 0.000e+00
10086.400 0.000e+00
10088.200 0.000e+00
10090.100 0.000e+00
10092.300 0.000e+00
10094.500 0.000e+00
10096.800 0.000e+00
10097.035 0.000e+00
10099.500 0.000e+00
10099.900 0.000e+00
10102.100 0.000e+00
10104.700 0.000e+00
10107.400 0.000e+00
10107.620 0.000e+00
10107.781 0.000e+00
10108.300 0.000e+00
10108.600 0.000e+00
10109.900 0.000e+00
10111.400 0.000e+00
10111.600 0.000e+00
10112.800 0.000e+00
10114.300 0.000e+00
10115.300 0.000e+00
10115.700 0.000e+00
10117.600 0.000e+00
10119.200 0.000e+00
10119.300 0.000e+00
10119.900 0.000e+00
10121.100 0.000e+00
10121.900 0.000e+00
10122.500 0.000e+00
10123.100 0.000e+00
10123.500 0.000e+00
10125.200 0.000e+00
10127.500 0.000e+00
10128.300 0.000e+00
10129.800 0.000e+00
10132.500 0.000e+00
10133.400 0.000e+00
10135.100 0.000e+00
10137.800 0.000e+00
10138.800 0.000e+00
10140.600 0.000e+00
10141.400 0.000e+00
10142.800 0.000e+00
10144.700 0.000e+00
10145.000 0.000e+00
10147.000 0.000e+00
10147.470 0.000e+00
10148.500 0.000e+00
10148.880 0.000e+00
10151.600 0.000e+00
10152.400 0.000e+00
10152.640 0.000e+00
10154.000 0.000e+00
10154.300 0.000e+00
10156.600 0.000e+00
10156.700 0.000e+00
10159.000 0.000e+00
10161.500 0.000e+00
10161.700 0.000e+00
10164.340 0.000e+00
10166.220 0.000e+00
10166.600 0.000e+00
10167.100 0.000e+00
10167.188 0.000e+00
10169.300 0.000e+00
10169.300 0.000e+00
10170.200 0.000e+00
10172.100 0.000e+00
10173.900 0.000e+00
10174.030 0.000e+00
10175.900 0.000e+00
10178.300 0.000e+00
10179.500 0.000e+00
10180.300 0.000e+00
10184.900 0.000e+00
10185.900 0.000e+00
10187.300 0.000e+00
10189.900 0.000e+00
10192.400 0.000e+00
10195.100 0.000e+00
10197.000 0.000e+00
10200.000 0.000e+00
10200.500 0.000e+00
10201.000 0.000e+00
10201.400 0.000e+00
10203.700 0.000e+00
10209.400 0.000e+00
10209.500 0.000e+00
10209.580 0.000e+00
10211.321 0.000e+00
10213.000 0.000e+00
10214.100 0.000e+00
10215.220 0.000e+00
10216.700 0.000e+00
10216.700 0.000e+00
10218.220 0.000e+00
10219.500 0.000e+00
10223.050 0.000e+00
10223.500 0.000e+00
10223.500 0.000e+00
10225.141 0.000e+00
10228.700 0.000e+00
10230.403 0.000e+00
10230.700 0.000e+00
10234.200 0.000e+00
10235.100 0.000e+00
10236.500 0.000e+00
10239.400 0.000e+00
10243.300 0.000e+00
10245.160 0.000e+00
10245.300 0.000e+00
10247.900 0.000e+00
10253.310 0.000e+00
10254.080 0.000e+00
10257.300 0.000e+00
10257.400 0.000e+00
10262.600 0.000e+00
10264.100 0.000e+00
10265.060 0.000e+00
10269.780 0.000e+00
10273.400 0.000e+00
10278.000 0.000e+00
10279.300 0.000e+00
10282.600 0.000e+00
10285.400 0.000e+00
10287.100 0.000e+00
10291.400 0.000e+00
10298.200 0.000e+00
10301.700 0.000e+00
10305.616 0.000e+00
10310.100 0.000e+00
10311.938 0.000e+00
10311.970 0.000e+00
10312.200 0.000e+00
10319.700 0.000e+00
10322.292 0.000e+00
10322.531 0.000e+00
10326.930 0.000e+00
10329.000 0.000e+00
10329.000 0.000e+00
10334.920 0.000e+00
10335.552 0.000e+00
10335.800 0.000e+00
10336.000 0.000e+00
10336.800 0.000e+00
10338.400 0.000e+00
10338.600 0.000e+00
10339.100 0.000e+00
10342.600 0.000e+00
10342.940 0.000e+00
10344.500 0.000e+00
10360.322 0.000e+00
10360.700 0.000e+00
10361.600 0.000e+00
10363.500 0.000e+00
10363.500 0.000e+00
10370.680 0.000e+00
10371.400 0.000e+00
10373.200 0.000e+00
10381.350 0.000e+00
10393.520 0.000e+00
10395.400 0.000e+00
10395.900 0.000e+00
10396.400 0.000e+00
10396.886 0.000e+00
10398.300 0.000e+00
10400.900 0.000e+00
10402.200 0.000e+00
10402.600 0.000e+00
10404.040 0.000e+00
10406.200 0.000e+00
10428.187 0.000e+00
10430.400 0.000e+00
10430.900 0.000e+00
10433.300 0.000e+00
10437.200 0.000e+00
10437.440 0.000e+00
10441.210 0.000e+00
10444.310 0.000e+00
10445.900 0.000e+00
10447.230 0.000e+00
10450.600 0.000e+00
10471.100 0.000e+00
10476.722 0.000e+00
10477.700 0.000e+00
10480.905 0.000e+00
10481.200 0.000e+00
10481.900 0.000e+00
10482.500 0.000e+00
10485.900 0.000e+00
10492.300 0.000e+00
10494.655 0.000e+00
10499.430 0.000e+00
10500.800 0.000e+00
10502.900 0.000e+00
10503.500 0.000e+00
10506.190 0.000e+00
10506.600 0.000e+00
10509.340 0.000e+00
10510.400 0.000e+00
10511.700 0.000e+00
10513.100 0.000e+00
10514.800 0.000e+00
10516.300 0.000e+00
10517.900 0.000e+00
10519.400 0.000e+00
10521.400 0.000e+00
10521.740 0.000e+00
10523.300 0.000e+00
10525.300 0.000e+00
10526.100 0.000e+00
10526.120 0.000e+00
10527.400 0.000e+00
10529.700 0.000e+00
10530.257 0.000e+00
10530.504 0.000e+00
10532.100 0.000e+00
10532.217 0.000e+00
10534.470 0.000e+00
10534.600 0.000e+00
10536.500 0.000e+00
10537.600 0.000e+00
10538.130 0.000e+00
10538.268 0.000e+00
10539.200 0.000e+00
10540.400 0.000e+00
10543.200 0.000e+00
10544.900 0.000e+00
10547.100 0.000e+00
10550.700 0.000e+00
10550.810 0.000e+00
10551.840 0.000e+00
10554.800 0.000e+00
10559.100 0.000e+00
10562.000 0.000e+00
10563.700 0.000e+00
10567.900 0.000e+00
10568.900 0.000e+00
10569.700 0.000e+00
10574.500 0.000e+00
10576.850 0.000e+00
10579.112 0.000e+00
10580.400 0.000e+00
10582.300 0.000e+00
10583.600 0.000e+00
10583.600 0.000e+00
10587.100 0.000e+00
10589.200 0.000e+00
10593.930 0.000e+00
10594.193 0.000e+00
10594.300 0.000e+00
10596.600 0.000e+00
10596.900 0.000e+00
10597.630 0.000e+00
10601.340 0.000e+00
10602.400 0.000e+00
10604.100 0.000e+00
10605.300 0.000e+00
10605.900 0.000e+00
10608.180 0.000e+00
10611.200 0.000e+00
10614.160 0.000e+00
10614.500 0.000e+00
10620.700 0.000e+00
10624.700 0.000e+00
10631.700 0.000e+00
10633.000 0.000e+00
10636.000 0.000e+00
10637.200 0.000e+00
10643.800 0.000e+00
10648.600 0.000e+00
10651.600 0.000e+00
10652.300 0.000e+00
10654.180 0.000e+00
10657.400 0.000e+00
10657.641 0.000e+00
10662.400 0.000e+00
10668.660 0.000e+00
10672.010 0.000e+00
10672.600 0.000e+00
10676.490 0.000e+00
10678.300 0.000e+00
10679.950 0.000e+00
10680.940 0.000e+00
10683.980 0.000e+00
10685.670 0.000e+00
10687.510 0.000e+00
10688.300 0.000e+00
10689.000 0.000e+00
10690.000 0.000e+00
10691.780 0.000e+00
10696.400 0.000e+00
10699.200 0.000e+00
10709.600 0.000e+00
10712.500 0.000e+00
10715.000 0.000e+00
10715.471 0.000e+00
10715.726 0.000e+00
10716.870 0.000e+00
10716.900 0.000e+00
10718.790 0.000e+00
10722.640 0.000e+00
10724.640 0.000e+00
10730.300 0.000e+00
10730.340 0.000e+00
10732.100 0.000e+00
10733.440 0.000e+00
10734.800 0.000e+00
10735.056 0.000e+00
10736.803 0.000e+00
10736.830 0.000e+00
10736.837 0.000e+00
10740.200 0.000e+00
10745.870 0.000e+00
10748.950 0.000e+00
10756.700 0.000e+00
10756.700 0.000e+00
10757.800 0.000e+00
10762.109 0.000e+00
10762.440 0.000e+00
10767.000 0.000e+00
10771.120 0.000e+00
10773.352 0.000e+00
10773.612 0.000e+00
10774.960 0.000e+00
10779.830 0.000e+00
10787.700 0.000e+00
10787.700 0.000e+00
10788.220 0.000e+00
10794.100 0.000e+00
10794.100 0.000e+00
10797.250 0.000e+00
10798.200 0.000e+00
10798.616 0.000e+00
10799.018 0.000e+00
10808.700 0.000e+00
10809.983 0.000e+00
10812.550 0.000e+00
10814.950 0.000e+00
10822.200 0.000e+00
10823.300 0.000e+00
10824.170 0.000e+00
10825.660 0.000e+00
10825.900 0.000e+00
10827.490 0.000e+00
10827.860 0.000e+00
10833.900 0.000e+00
10835.000 0.000e+00
10845.440 0.000e+00
10846.380 0.000e+00
10849.030 0.000e+00
10855.670 0.000e+00
10860.700 0.000e+00
10863.300 0.000e+00
10863.900 0.000e+00
10867.500 0.000e+00
10878.310 0.000e+00
10889.800 0.000e+00
10891.000 0.000e+00
10892.400 0.000e+00
10894.590 0.000e+00
10896.320 0.000e+00
10912.390 0.000e+00
10913.340 0.000e+00
10914.960 0.000e+00
10915.200 0.000e+00
10916.020 0.000e+00
10920.300 0.000e+00
10922.750 0.000e+00
10927.490 0.000e+00
10928.200 0.000e+00
10930.900 0.000e+00
10934.760 0.000e+00
10939.330 0.000e+00
10942.800 0.000e+00
10950.010 0.000e+00
10950.872 0.000e+00
10952.850 0.000e+00
10953.540 0.000e+00
10966.150 0.000e+00
10967.032 0.000e+00
10972.380 0.000e+00
10975.200 0.000e+00
10978.080 0.000e+00
10978.100 0.000e+00
10980.350 0.000e+00
11002.900 0.000e+00
11021.760 0.000e+00
11039.820 0.000e+00
11043.110 0.000e+00
11046.207 0.000e+00
11046.300 0.000e+00
11048.600 0.000e+00
11050.480 0.000e+00
11050.500 0.000e+00
11066.100 0.000e+00
11074.400 0.000e+00
11078.040 0.000e+00
11078.561 0.000e+00
11079.900 0.000e+00
11081.329 0.000e+00
11085.800 0.000e+00
11093.260 0.000e+00
11097.430 0.000e+00
11100.200 0.000e+00
11107.510 0.000e+00
11109.509 0.000e+00
11109.546 0.000e+00
11114.100 0.000e+00
11117.780 0.000e+00
11121.527 0.000e+00
11121.804 0.000e+00
11123.750 0.000e+00
11129.670 0.000e+00
11135.800 0.000e+00
11135.820 0.000e+00
11136.210 0.000e+00
11136.320 0.000e+00
11137.310 0.000e+00
11138.490 0.000e+00
11140.000 0.000e+00
11140.100 0.000e+00
11140.800 0.000e+00
11148.452 0.000e+00
11156.110 0.000e+00
11156.640 0.000e+00
11163.310 0.000e+00
11169.340 0.000e+00
11175.640 0.000e+00
11177.310 0.000e+00
11177.750 0.000e+00
11191.820 0.000e+00
11194.190 0.000e+00
11198.444 0.000e+00
11216.080 0.000e+00
11226.970 0.000e+00
11255.000 0.000e+00
11255.000 0.000e+00
11299.450 0.000e+00
11321.190 0.000e+00
11327.500 0.000e+00
11327.550 0.000e+00
11362.690 0.000e+00
11369.000 0.000e+00
11369.100 0.000e+00
11370.950 0.000e+00
11397.770 0.000e+00
11400.900 0.000e+00
11401.768 0.000e+00
11403.800 0.000e+00
11406.910 0.000e+00
11412.820 0.000e+00
11421.880 0.000e+00
11432.160 0.000e+00
11435.870 0.000e+00
11444.760 0.000e+00
11455.150 0.000e+00
11456.430 0.000e+00
11464.130 0.000e+00
11469.490 0.000e+00
11472.000 0.000e+00
11473.040 0.000e+00
11474.480 0.000e+00
11481.000 0.000e+00
11482.060 0.000e+00
11500.710 0.000e+00
11508.960 0.000e+00
11519.340 0.000e+00
11531.160 0.000e+00
11531.570 0.000e+00
11534.100 0.000e+00
11557.130 0.000e+00
11572.500 0.000e+00
11576.020 0.000e+00
11597.020 0.000e+00
11603.300 0.000e+00
11672.990 0.000e+00
11676.670 0.000e+00
11681.705 0.000e+00
11684.910 0.000e+00
11711.415 0.000e+00
11711.888 0.000e+00
11714.530 0.000e+00
11717.120 0.000e+00
11720.830 0.000e+00
11722.695 0.000e+00
11729.130 0.000e+00
11736.447 0.000e+00
11736.880 0.000e+00
11760.630 0.000e+00
11769.150 0.000e+00
11781.490 0.000e+00
11783.360 0.000e+00
11798.244 0.000e+00
11817.900 0.000e+00
11828.330 0.000e+00
11843.060 0.000e+00
11863.130 0.000e+00
11874.560 0.000e+00
11881.500 0.000e+00
11883.239 0.000e+00
11922.950 0.000e+00
11936.600 0.000e+00
11946.571 0.000e+00
11947.140 0.000e+00
11974.500 0.000e+00
11974.730 0.000e+00
11978.230 0.000e+00
11990.200 0.000e+00
11996.700 0.000e+00
12001.180 0.000e+00
12003.920 0.000e+00
12004.400 0.000e+00
12009.610 0.000e+00
12049.800 0.000e+00
12056.410 0.000e+00
12059.960 0.000e+00
12063.500 0.000e+00
12072.080 0.000e+00
12080.100 0.000e+00
12081.623 0.000e+00
12091.760 0.000e+00
12093.900 0.000e+00
12115.638 0.000e+00
12143.059 0.000e+00
12157.200 0.000e+00
12205.100 0.000e+00
12224.170 0.000e+00
12227.010 0.000e+00
12237.730 0.000e+00
12262.180 0.000e+00
12266.240 0.000e+00
12272.570 0.000e+00
12275.440 0.000e+00
12277.453 0.000e+00
12285.160 0.000e+00
12297.740 0.000e+00
12302.810 0.000e+00
12311.300 0.000e+00
12328.030 0.000e+00
12330.330 0.000e+00
12334.050 0.000e+00
12346.730 0.000e+00
12346.769 0.000e+00
12359.199 0.000e+00
12359.677 0.000e+00
12377.900 0.000e+00
12380.580 0.000e+00
12406.221 0.000e+00
12422.180 0.000e+00
12422.812 0.000e+00
12423.428 0.000e+00
12442.725 0.000e+00
12454.700 0.000e+00
12459.522 0.000e+00
12481.880 0.000e+00
12491.079 0.000e+00
12509.285 0.000e+00
12524.259 0.000e+00
12547.000 0.000e+00
12549.185 0.000e+00
12557.759 0.000e+00
12575.072 0.000e+00
12588.281 0.000e+00
12641.937 0.000e+00
12662.700 0.000e+00
12666.436 0.000e+00
12678.200 0.000e+00
12705.755 0.000e+00
12711.700 0.000e+00
12711.808 0.000e+00
12736.902 0.000e+00
12746.600 0.000e+00
12747.536 0.000e+00
12749.719 0.000e+00
12769.440 0.000e+00
12771.524 0.000e+00
12773.290 0.000e+00
12776.323 0.000e+00
12781.700 0.000e+00
12781.700 0.000e+00
12795.041 0.000e+00
12797.600 0.000e+00
12798.992 0.000e+00
12806.239 0.000e+00
12808.400 0.000e+00
12813.117 0.000e+00
12813.790 0.000e+00
12816.990 0.000e+00
12826.943 0.000e+00
12828.160 0.000e+00
12838.790 0.000e+00
12839.133 0.000e+00
12848.050 0.000e+00
12863.600 0.000e+00
12863.600 0.000e+00
12866.160 0.000e+00
12866.260 0.000e+00
12871.860 0.000e+00
12876.905 0.000e+00
12895.800 0.000e+00
12900.030 0.000e+00
12904.563 0.000e+00
12906.553 0.000e+00
12914.590 0.000e+00
12915.780 0.000e+00
12920.581 0.000e+00
12920.893 0.000e+00
12922.200 0.000e+00
12926.900 0.000e+00
12936.734 0.000e+00
12947.780 0.000e+00
12960.202 0.000e+00
12960.494 0.000e+00
12962.100 0.000e+00
12962.100 0.000e+00
12975.671 0.000e+00
12983.100 0.000e+00
12992.254 0.000e+00
12997.300 0.000e+00
12999.100 0.000e+00
12999.464 0.000e+00
13011.822 0.000e+00
13031.988 0.000e+00
13040.700 0.000e+00
13042.738 0.000e+00
13052.895 0.000e+00
13054.771 0.000e+00
13059.930 0.000e+00
13071.624 0.000e+00
13079.300 0.000e+00
13084.900 0.000e+00
13085.600 0.000e+00
13094.330 0.000e+00
13098.232 0.000e+00
13103.960 0.000e+00
13110.701 0.000e+00
13112.680 0.000e+00
13122.520 0.000e+00
13122.910 0.000e+00
13125.600 0.000e+00
13133.872 0.000e+00
13147.500 0.000e+00
13149.880 0.000e+00
13149.998 0.000e+00
13157.439 0.000e+00
13159.590 0.000e+00
13165.880 0.000e+00
13169.150 0.000e+00
13175.200 0.000e+00
13178.700 0.000e+00
13181.800 0.000e+00
13185.570 0.000e+00
13205.023 0.000e+00
13217.605 0.000e+00
13226.810 0.000e+00
13231.722 0.000e+00
13234.515 0.000e+00
13237.911 0.000e+00
13240.300 0.000e+00
13241.200 0.000e+00
13247.586 0.000e+00
13261.501 0.000e+00
13276.265 0.000e+00
13277.584 0.000e+00
13302.400 0.000e+00
13305.950 0.000e+00
13316.850 0.000e+00
13318.486 0.000e+00
13333.758 0.000e+00
13333.826 0.000e+00
13362.900 0.000e+00
13368.800 0.000e+00
13369.704 0.000e+00
13370.766 0.000e+00
13371.482 0.000e+00
13377.479 0.000e+00
13391.100 0.000e+00
13410.179 0.000e+00
13410.253 0.000e+00
13418.201 0.000e+00
13422.410 0.000e+00
13424.960 0.000e+00
13442.100 0.000e+00
13443.200 0.000e+00
13452.200 0.000e+00
13459.800 0.000e+00
13467.150 0.000e+00
13470.406 0.000e+00
13474.900 0.000e+00
13476.544 0.000e+00
13498.000 0.000e+00
13503.098 0.000e+00
13507.038 0.000e+00
13507.882 0.000e+00
13547.908 0.000e+00
13558.644 0.000e+00
13566.158 0.000e+00
13577.330 0.000e+00
13583.200 0.000e+00
13592.500 0.000e+00
13603.051 0.000e+00
13604.000 0.000e+00
13611.600 0.000e+00
13621.900 0.000e+00
13622.860 0.000e+00
13626.384 0.000e+00
13629.520 0.000e+00
13631.200 0.000e+00
13638.700 0.000e+00
13656.527 0.000e+00
13682.289 0.000e+00
13715.600 0.000e+00
13722.328 0.000e+00
13726.000 0.000e+00
13726.000 0.000e+00
13736.400 0.000e+00
13744.048 0.000e+00
13758.587 0.000e+00
13799.900 0.000e+00
13806.002 0.000e+00
13806.870 0.000e+00
13817.100 0.000e+00
13818.730 0.000e+00
13820.400 0.000e+00
13820.400 0.000e+00
13822.925 0.000e+00
13829.497 0.000e+00
13832.102 0.000e+00
13832.175 0.000e+00
13840.320 0.000e+00
13851.080 0.000e+00
13870.187 0.000e+00
13870.789 0.000e+00
13884.310 0.000e+00
13885.200 0.000e+00
13893.600 0.000e+00
13902.600 0.000e+00
13911.278 0.000e+00
13914.360 0.000e+00
13930.500 8.608e+03
13934.200 8.905e+03
13934.200 8.905e+03
13939.600 8.795e+03
13941.600 9.647e+03
13954.810 8.975e+03
13958.200 9.260e+03
13958.200 9.260e+03
13988.910 9.213e+03
14019.300 9.180e+03
14025.100 9.875e+03
14039.255 8.768e+03
14055.900 9.467e+03
14055.900 9.467e+03
14065.827 1.005e+04
14076.200 9.167e+03
14077.000 1.050e+04
14077.200 9.557e+03
14081.000 1.223e+04
14089.760 1.729e+05
14097.493 2.480e+05
14131.500 9.746e+03
14173.600 1.108e+04
14173.600 1.108e+04
14180.800 9.844e+03
14188.500 1.046e+04
14196.332 9.377e+03
14203.700 1.125e+04
14246.200 3.446e+04
14256.200 7.782e+04
14257.300 7.984e+04
14258.037 7.481e+04
14258.741 7.481e+04
14260.766 6.817e+04
14267.600 2.863e+04
14290.440 8.658e+03
14299.480 8.605e+03
14302.226 7.137e+03
14320.600 1.012e+04
14321.400 9.954e+03
14366.855 1.004e+04
14369.200 1.012e+04
14394.370 9.342e+03
14395.300 8.744e+03
14397.190 1.089e+04
14398.500 1.021e+04
14405.300 1.165e+04
14409.500 1.203e+04
14414.000 1.048e+04
14416.401 9.165e+03
14428.800 1.010e+04
14435.720 9.750e+03
14436.700 1.075e+04
14448.771 1.028e+04
14470.900 1.067e+04
14484.579 1.042e+04
14490.500 9.393e+03
14491.800 9.509e+03
14506.140 1.082e+04
14506.900 1.082e+04
14508.000 1.084e+04
14510.000 1.078e+04
14514.494 8.703e+03
14515.800 9.867e+03
14516.600 9.116e+03
14518.100 1.112e+04
14518.900 1.112e+04
14520.800 1.049e+04
14521.700 1.142e+04
14524.000 1.115e+04
14524.800 1.115e+04
14526.060 1.058e+04
14526.447 1.058e+04
14526.900 1.058e+04
14527.800 1.169e+04
14529.500 1.134e+04
14529.500 1.134e+04
14529.740 1.134e+04
14529.900 1.134e+04
14530.200 1.065e+04
14530.700 1.065e+04
14532.800 1.016e+04
14533.700 9.952e+03
14534.500 8.054e+03
14536.600 1.008e+04
14537.360 9.154e+03
14537.500 9.154e+03
14540.200 1.102e+04
14541.100 1.214e+04
14544.000 1.120e+04
14544.900 1.118e+04
14545.260 1.044e+04
14547.400 1.250e+04
14548.100 1.183e+04
14548.900 1.183e+04
14552.500 1.081e+04
14553.400 1.180e+04
14557.200 8.817e+03
14558.000 1.067e+04
14561.800 1.112e+04
14562.700 1.021e+04
14563.400 9.903e+03
14565.032 9.773e+03
14567.600 1.111e+04
14568.400 1.012e+04
14572.900 1.273e+04
14573.700 1.498e+04
14578.400 1.844e+04
14579.200 1.778e+04
14585.800 1.752e+04
14586.700 1.710e+04
14589.880 2.168e+04
14592.600 4.412e+04
14593.500 5.665e+04
14599.723 6.594e+04
14600.461 6.699e+04
14600.500 6.699e+04
14600.813 6.699e+04
14601.400 6.820e+04
14604.400 6.546e+04
14606.800 4.887e+04
14607.100 4.990e+04
14607.740 4.990e+04
14608.600 3.501e+04
14609.500 2.358e+04
14609.600 2.358e+04
14612.800 1.976e+04
14615.310 1.240e+04
14615.700 1.240e+04
14617.600 9.826e+03
14618.500 1.073e+04
14618.700 1.073e+04
14621.700 1.184e+04
14625.600 1.399e+04
14627.400 1.994e+04
14628.300 2.739e+04
14629.200 4.747e+04
14633.100 7.904e+04
14634.661 9.076e+04
14635.400 9.638e+04
14635.400 9.638e+04
14635.629 9.638e+04
14636.370 9.449e+04
14637.100 9.490e+04
14638.100 9.659e+04
14638.414 9.659e+04
14638.504 9.659e+04
14638.915 9.659e+04
14639.000 9.530e+04
14641.600 9.471e+04
14646.400 1.292e+05
14646.812 1.292e+05
14648.450 1.221e+05
14649.500 1.382e+05
14650.400 1.255e+05
14651.100 1.244e+05
14653.200 1.254e+05
14654.000 1.256e+05
14654.200 1.256e+05
14654.351 1.256e+05
14656.900 1.235e+05
14661.300 8.681e+04
14662.200 5.596e+04
14662.400 5.596e+04
14663.300 5.660e+04
14666.500 1.475e+04
14667.300 1.087e+04
14667.800 1.087e+04
14668.760 9.699e+03
14674.100 6.852e+03
14675.400 7.921e+03
14676.200 7.558e+03
14676.700 7.558e+03
14676.920 7.558e+03
14677.000 7.122e+03
14678.700 8.390e+03
14681.100 9.288e+03
14682.000 8.489e+03
14682.300 8.489e+03
14684.900 9.171e+03
14686.041 1.009e+04
14687.600 1.194e+04
14688.645 1.135e+04
14690.200 1.438e+04
14691.700 1.331e+04
14692.600 1.481e+04
14697.023 1.274e+04
14697.300 1.274e+04
14697.699 1.274e+04
14698.200 1.373e+04
14698.500 1.373e+04
14707.500 8.790e+03
14708.500 7.365e+03
14709.400 7.512e+03
14711.400 7.701e+03
14715.000 8.292e+03
14715.900 8.393e+03
14717.500 8.685e+03
14717.500 8.685e+03
14727.000 7.985e+03
14727.800 9.084e+03
14728.300 9.393e+03
14734.600 2.337e+04
14735.400 2.378e+04
14739.385 3.073e+04
14739.800 3.073e+04
14748.000 2.187e+04
14748.900 2.242e+04
14749.500 1.672e+04
14750.900 1.450e+04
14752.900 1.055e+04
14756.300 9.331e+03
14757.200 8.876e+03
14761.160 8.636e+03
14763.100 8.222e+03
14763.100 8.222e+03
14766.800 8.515e+03
14771.300 7.956e+03
14772.200 7.226e+03
14780.500 1.148e+04
14781.400 1.301e+04
14782.500 1.471e+04
14787.066 1.487e+04
14787.938 1.487e+04
14797.600 9.696e+03
14798.400 8.636e+03
14799.600 9.639e+03
14807.200 8.429e+03
14808.100 9.123e+03
14809.813 7.833e+03
14810.660 8.632e+03
14818.200 8.564e+03
14827.000 9.097e+03
14827.800 1.006e+04
14838.000 8.904e+03
14838.800 8.090e+03
14839.600 8.090e+03
14844.700 9.077e+03
14847.930 9.863e+03
14848.000 9.041e+03
14853.000 9.243e+03
14857.730 1.064e+04
14860.500 9.536e+03
14861.200 1.048e+04
14861.300 1.048e+04
14863.200 9.480e+03
14865.200 9.074e+03
14866.150 9.166e+03
14872.800 1.048e+04
14873.700 9.506e+03
14881.772 1.148e+04
14889.700 9.819e+03
14898.300 9.704e+03
14899.200 9.731e+03
14902.191 9.743e+03
14910.000 1.185e+04
14912.140 1.054e+04
14912.500 1.054e+04
14913.400 9.787e+03
14917.300 1.010e+04
14919.500 1.146e+04
14922.600 9.911e+03
14923.500 9.923e+03
14941.900 1.012e+04
14942.800 9.654e+03
14944.600 9.868e+03
14953.400 1.026e+04
14953.800 1.026e+04
14957.600 1.037e+04
14958.500 9.892e+03
14968.074 1.076e+04
14978.661 9.958e+03
14980.323 9.542e+03
14991.700 8.703e+03
14991.900 8.703e+03
14992.800 8.862e+03
15009.700 1.114e+04
15010.600 1.118e+04
15017.266 1.475e+04
15021.361 1.634e+04
15035.900 3.766e+04
15040.200 9.111e+04
15040.243 9.111e+04
15048.800 6.373e+05
15049.900 6.477e+05
15050.437 6.499e+05
15050.615 6.499e+05
15050.800 6.499e+05
15053.077 6.386e+05
15059.600 4.070e+05
15070.300 1.042e+04
15071.200 9.619e+03
15072.600 1.005e+04
15074.700 8.341e+03
15083.300 6.479e+03
15086.500 7.893e+03
15089.290 9.077e+03
15090.900 8.444e+03
15094.400 8.689e+03
15094.515 8.689e+03
15113.500 7.934e+03
15117.200 7.696e+03
15118.100 7.171e+03
15121.300 7.654e+03
15125.100 6.632e+03
15126.200 6.368e+03
15135.842 6.160e+03
15140.100 6.931e+03
15141.000 7.761e+03
15145.200 6.708e+03
15154.160 8.355e+03
15157.529 8.960e+03
15176.837 1.221e+05
15192.300 7.730e+03
15193.300 7.730e+03
15205.700 9.510e+03
15206.700 9.510e+03
15210.700 8.470e+03
15213.400 8.496e+03
15220.200 7.844e+03
15231.200 8.321e+03
15235.600 9.223e+03
15242.900 9.531e+03
15285.300 1.003e+04
15287.530 9.773e+03
15289.500 9.994e+03
15291.200 1.137e+04
15293.000 2.982e+04
15296.440 5.719e+04
15306.062 2.128e+05
15306.151 2.128e+05
15309.300 1.925e+05
15310.300 1.935e+05
15320.240 2.291e+04
15333.533 1.178e+05
15339.600 7.601e+04
15352.710 7.463e+04
15353.000 7.463e+04
15353.448 7.564e+04
15353.500 7.564e+04
15354.500 7.629e+04
15361.200 3.774e+04
15389.000 8.163e+03
15390.400 8.530e+03
15391.200 8.606e+03
15393.700 9.570e+03
15400.900 3.318e+04
15408.000 4.669e+04
15421.420 8.208e+03
15421.610 8.208e+03
15423.100 6.989e+03
15424.100 6.861e+03
15426.590 7.176e+03
15432.740 8.944e+03
15432.800 8.944e+03
15450.993 9.251e+03
15453.310 9.085e+03
15472.000 7.106e+03
15473.000 6.659e+03
15517.700 6.578e+03
15522.200 6.721e+03
15523.300 6.869e+03
15542.300 5.005e+03
15566.500 6.020e+03
15567.240 6.436e+03
15567.400 6.436e+03
15570.600 5.510e+03
15573.330 5.224e+03
15587.630 5.365e+03
15601.500 6.441e+03
15603.200 6.660e+03
15604.300 6.080e+03
15611.500 5.286e+03
15620.100 4.766e+03
15620.900 4.766e+03
15624.800 6.050e+03
15625.800 6.050e+03
15634.000 6.304e+03
15650.630 4.950e+03
15654.070 5.509e+03
15668.500 6.076e+03
15691.407 6.800e+03
15698.460 5.647e+03
15698.480 5.647e+03
15705.070 6.408e+03
15711.110 6.922e+03
15729.205 9.313e+03
15760.588 6.385e+03
15769.270 8.692e+03
15806.680 5.297e+03
15807.680 4.699e+03
15819.240 7.887e+03
15820.230 8.137e+03
15823.270 9.043e+03
15831.184 5.381e+03
15831.610 5.381e+03
15841.770 6.826e+03
15847.320 1.218e+04
15847.420 1.218e+04
15849.570 1.067e+04
15863.150 6.490e+03
15888.400 1.810e+04
15889.190 1.871e+04
15903.970 3.932e+04
15904.031 3.752e+04
15904.320 3.752e+04
15911.100 2.205e+04
15911.890 2.205e+04
15912.461 1.454e+04
15939.370 5.194e+03
15939.470 5.194e+03
15955.390 6.035e+03
15955.490 6.035e+03
15990.120 9.878e+04
15993.859 9.603e+04
16008.280 5.252e+03
16015.710 5.392e+03
16016.740 4.927e+03
16032.500 5.759e+03
16045.010 5.838e+03
16046.040 5.356e+03
16047.100 5.948e+03
16064.670 7.017e+03
16065.010 6.680e+03
16066.040 6.208e+03
16080.180 6.156e+03
16082.800 7.056e+03
16096.230 6.167e+03
16096.330 6.167e+03
16113.610 9.846e+03
16114.106 9.296e+03
16114.350 9.296e+03
16115.160 1.257e+04
16122.920 2.331e+04
16123.730 2.470e+04
16138.770 7.381e+03
16139.580 6.466e+03
16152.610 7.746e+03
16153.430 7.490e+03
16155.040 7.672e+03
16160.000 8.570e+03
16166.780 8.105e+03
16166.880 8.105e+03
16174.110 2.182e+04
16175.410 3.014e+04
16179.060 4.269e+04
16179.080 4.269e+04
16185.870 4.481e+04
16186.080 4.306e+04
16191.360 2.252e+04
16191.460 2.252e+04
16205.650 6.096e+03
16207.730 6.045e+03
16207.830 6.045e+03
16211.320 6.120e+03
16217.920 7.449e+03
16251.840 7.464e+03
16266.720 1.037e+04
16305.500 5.697e+03
16320.220 6.670e+03
16326.990 6.798e+03
16328.050 6.567e+03
16355.030 6.691e+03
16356.090 7.238e+03
16381.580 5.549e+03
16382.650 5.549e+03
16398.670 5.779e+03
16410.670 6.555e+03
16411.900 5.855e+03
16423.060 7.519e+03
16424.150 9.418e+03
16424.260 9.418e+03
16430.480 1.752e+04
16431.320 2.479e+04
16438.420 3.366e+04
16439.270 3.316e+04
16441.065 3.229e+04
16459.600 6.657e+03
16460.450 6.764e+03
16466.840 7.222e+03
16467.690 7.905e+03
16484.990 7.247e+03
16485.090 6.804e+03
16485.380 6.804e+03
16492.980 6.575e+03
16514.310 1.089e+05
16514.410 1.089e+05
16524.380 1.471e+05
16540.260 1.190e+04
16540.360 1.190e+04
16553.828 3.682e+04
16554.921 3.682e+04
16582.420 7.311e+03
16649.990 7.934e+03
16737.550 6.517e+04
16738.680 7.539e+04
16739.790 8.546e+04
16744.980 8.772e+04
16746.100 8.168e+04
16756.590 9.633e+03
16782.810 7.520e+03
16783.125 6.594e+03
16804.690 7.369e+03
16805.234 8.641e+03
16809.920 7.412e+03
16814.200 6.646e+03
16817.270 7.537e+03
16817.490 7.537e+03
16830.740 6.866e+03
16853.540 6.236e+03
16854.430 6.994e+03
16855.820 5.625e+03
16856.710 6.562e+03
16862.210 6.201e+03
16863.100 7.694e+03
16868.450 6.967e+03
16868.570 6.967e+03
16873.740 5.959e+03
16878.260 6.586e+03
16879.160 5.855e+03
16910.910 6.760e+03
16911.010 7.999e+03
16913.190 8.703e+03
16917.240 1.092e+04
16918.390 1.178e+04
16933.050 4.028e+05
16934.749 5.990e+05
16935.790 5.990e+05
16935.900 5.990e+05
16945.211 7.207e+05
16946.310 7.207e+05
16990.960 8.928e+03
16991.070 8.927e+03
17052.880 7.321e+03
17081.757 6.921e+03
17091.830 7.495e+03
17103.110 7.130e+03
17108.550 8.378e+03
17108.720 8.378e+03
17119.392 8.841e+03
17119.590 8.841e+03
17132.185 9.951e+03
17132.223 9.951e+03
17159.520 8.034e+03
17159.550 8.034e+03
17167.180 8.234e+03
17167.410 8.234e+03
17175.110 6.962e+03
17181.220 8.183e+03
17183.936 8.235e+03
17242.920 9.054e+03
17277.290 8.403e+03
17300.817 8.924e+03
17320.040 8.007e+03
17335.200 8.164e+03
17368.840 6.854e+03
17370.040 6.773e+03
17405.570 9.320e+03
17406.661 8.367e+03
17449.668 5.086e+04
17452.720 4.804e+04
17459.660 1.318e+04
17460.610 1.410e+04
17466.170 1.018e+04
17467.510 1.020e+04
17487.970 8.129e+03
17489.190 8.282e+03
17495.000 6.880e+03
17495.950 8.428e+03
17496.780 7.699e+03
17496.910 7.699e+03
17512.070 7.038e+03
17513.290 7.233e+03
17520.780 6.852e+03
17521.220 7.630e+03
17521.340 7.630e+03
17535.310 6.460e+03
17536.270 7.221e+03
17556.810 7.913e+03
17562.100 6.762e+03
17566.300 5.523e+03
17586.840 8.083e+03
17597.410 8.478e+03
17597.530 8.478e+03
17615.870 6.775e+03
17616.840 7.377e+03
17618.180 7.395e+03
17618.620 7.395e+03
17628.620 7.746e+03
17628.740 7.746e+03
17666.950 6.673e+03
17675.030 7.301e+03
17680.930 8.308e+03
17681.120 7.629e+03
17692.160 7.007e+03
17692.520 7.007e+03
17706.180 7.604e+03
17761.010 7.298e+03
17768.930 8.472e+03
17809.660 7.561e+03
17827.540 2.500e+04
17919.521 3.584e+05
17919.618 3.584e+05
18039.670 7.801e+03
18045.660 7.036e+03
18046.080 6.186e+03
18046.120 6.186e+03
18055.170 5.723e+03
18083.580 6.306e+03
18084.890 5.784e+03
18086.771 5.660e+03
18132.807 4.520e+03
18141.350 4.362e+03
18151.750 5.278e+03
18190.705 5.302e+03
18202.570 6.667e+03
18209.140 6.080e+03
18221.240 6.434e+03
18221.420 6.434e+03
18236.327 7.810e+03
18237.370 6.815e+03
18238.690 7.065e+03
18247.988 7.120e+03
18265.598 5.501e+03
18266.340 5.722e+03
18282.540 5.965e+03
18296.354 4.747e+03
18346.500 7.130e+03
18347.560 7.573e+03
18347.680 7.573e+03
18349.840 8.704e+03
18351.190 8.482e+03
18362.320 7.244e+03
18366.100 5.771e+03
18374.220 5.523e+03
18376.510 5.338e+03
18377.570 5.780e+03
18379.260 5.993e+03
18379.848 5.993e+03
18384.710 6.572e+03
18414.500 1.812e+04
18414.630 1.812e+04
18426.648 7.133e+04
18433.730 7.003e+04
18434.860 6.291e+04
18435.000 6.291e+04
18435.090 6.291e+04
18437.300 5.431e+04
18441.319 2.435e+04
18442.560 1.623e+04
18443.630 1.623e+04
18444.730 9.444e+03
18449.300 8.305e+03
18449.680 8.305e+03
18472.670 4.952e+03
18473.525 5.765e+03
18475.800 5.909e+03
18476.410 5.909e+03
18490.680 7.830e+03
18490.710 7.830e+03
18491.780 7.442e+03
18495.030 7.389e+03
18501.150 5.116e+03
18511.270 4.269e+03
18511.400 4.269e+03
18512.040 4.269e+03
18545.790 5.518e+03
18553.340 5.317e+03
18553.891 5.317e+03
18554.430 5.317e+03
18563.491 5.428e+03
18581.270 7.921e+03
18581.400 7.921e+03
18598.850 5.626e+03
18618.340 4.051e+03
18637.376 7.926e+03
18646.710 5.929e+03
18646.747 5.929e+03
18648.620 6.272e+03
18662.690 5.967e+03
18669.160 4.989e+03
18670.780 4.989e+03
18684.660 4.949e+03
18684.730 4.949e+03
18694.020 4.655e+03
18703.790 4.674e+03
18711.860 5.308e+03
18728.872 4.928e+03
18750.123 5.738e+03
18755.230 5.274e+03
18759.608 5.762e+03
18760.508 5.762e+03
18768.573 4.818e+03
18778.030 3.617e+03
18786.880 4.646e+03
18814.790 5.503e+03
18823.680 4.113e+03
18858.500 4.053e+03
18858.700 4.053e+03
18869.390 3.657e+03
18871.300 4.198e+03
18871.670 4.198e+03
18882.917 4.752e+03
18898.900 3.679e+03
18908.092 3.692e+03
18929.434 4.431e+03
18941.770 4.451e+03
18958.300 5.347e+03
18965.060 5.678e+03
18975.210 5.348e+03
18987.100 2.938e+03
19009.080 4.634e+03
19011.390 4.571e+03
19020.410 5.201e+03
19024.148 5.640e+03
19028.290 5.527e+03
19031.660 4.799e+03
19038.590 4.996e+03
19044.430 4.062e+03
19069.220 3.950e+03
19070.890 3.950e+03
19082.900 4.455e+03
19087.490 3.722e+03
19105.100 3.993e+03
19106.490 3.451e+03
19124.500 3.829e+03
19130.000 -2.263e+03
19139.200 -1.542e+03
19142.730 -1.190e+03
19166.649 3.827e+03
19184.160 3.807e+03
19186.500 3.928e+03
19261.300 3.749e+03
19263.890 4.240e+03
19294.520 4.276e+03
19323.900 3.917e+03
19331.390 4.200e+03
19361.900 3.723e+03
19362.230 3.723e+03
19366.560 4.188e+03
19367.180 4.493e+03
19374.280 3.867e+03
19376.750 4.041e+03
19395.710 3.191e+03
19415.090 3.569e+03
19417.160 3.721e+03
19426.180 3.280e+03
19432.260 3.271e+03
19436.274 3.803e+03
19437.238 3.424e+03
19439.511 3.436e+03
19440.000 3.436e+03
19446.460 3.996e+03
19455.770 2.853e+03
19465.880 3.959e+03
19466.860 3.959e+03
19469.800 4.609e+03
19475.530 3.584e+03
19476.135 4.086e+03
19477.590 3.564e+03
19490.223 4.327e+03
19491.800 4.327e+03
19515.260 4.607e+03
19526.460 5.456e+03
19556.360 5.472e+03
19566.580 4.722e+03
19571.560 4.703e+03
19588.490 5.620e+03
19596.320 4.579e+03
19597.860 3.922e+03
19613.558 5.485e+03
19615.307 5.002e+03
19628.360 5.694e+03
19629.900 5.089e+03
19633.574 5.337e+03
19640.830 5.395e+03
19652.652 3.791e+03
19655.670 4.613e+03
19717.720 5.029e+03
19747.550 4.350e+03
19748.770 5.530e+03
19754.080 6.018e+03
19757.070 4.826e+03
19758.290 5.409e+03
19770.180 3.547e+03
19778.880 5.473e+03
19789.640 5.701e+03
19790.860 5.053e+03
19818.210 2.156e+04
19820.040 1.981e+04
19820.100 1.981e+04
19822.918 1.683e+04
19826.350 8.802e+03
19826.490 8.802e+03
19831.660 5.480e+03
19835.940 5.758e+03
19842.570 5.226e+03
19843.580 5.983e+03
19843.800 5.983e+03
19847.260 5.834e+03
19855.299 5.084e+03
19859.040 4.931e+03
19862.580 5.202e+03
19862.610 5.202e+03
19873.040 5.570e+03
19878.250 5.597e+03
19889.700 5.060e+03
19903.630 5.805e+03
19908.490 5.682e+03
19908.600 5.682e+03
19912.250 4.399e+03
19922.130 4.871e+03
19922.280 4.871e+03
19930.900 5.523e+03
19948.840 6.320e+03
19949.510 5.882e+03
19949.670 5.882e+03
19950.513 7.268e+03
19954.958 6.385e+03
19961.800 1.652e+04
19962.560 1.590e+04
20008.590 5.775e+03
20011.790 6.200e+03
20020.810 7.081e+03
20031.139 5.695e+03
20039.930 4.582e+03
20043.440 5.163e+03
20054.610 4.043e+03
20101.680 5.053e+03
20115.000 4.387e+03
20118.230 5.228e+03
20120.750 5.311e+03
20121.080 4.575e+03
20121.230 4.575e+03
20127.350 6.179e+03
20138.979 4.110e+03
20150.220 5.138e+03
20196.974 4.940e+03
20211.820 5.853e+03
20213.450 5.296e+03
20223.910 5.035e+03
20231.850 4.804e+03
20258.000 4.356e+03
20261.002 4.612e+03
20277.900 5.250e+03
20320.950 1.673e+04
20339.976 5.118e+03
20343.460 5.561e+03
20352.804 6.342e+03
20358.100 5.489e+03
20364.010 4.216e+03
20376.670 5.302e+03
20386.280 5.133e+03
20390.700 5.608e+03
20392.039 4.901e+03
20394.319 5.755e+03
20395.640 4.945e+03
20439.020 6.378e+03
20442.360 6.235e+03
20451.770 5.850e+03
20481.430 5.719e+03
20482.341 5.719e+03
20557.749 6.834e+03
20558.666 6.745e+03
20560.797 7.059e+03
20574.430 6.133e+03
20586.980 5.801e+03
20638.250 1.195e+04
20638.290 1.195e+04
20651.770 1.119e+04
20652.770 1.119e+04
20666.450 6.667e+03
20667.540 5.866e+03
20670.920 6.200e+03
20687.830 6.196e+03
20704.600 5.997e+03
20709.320 6.460e+03
20716.780 6.247e+03
20736.510 7.978e+03
20748.570 5.750e+03
20767.900 5.737e+03
20772.780 4.675e+03
20816.722 6.583e+03
20865.870 4.675e+03
20868.670 5.356e+03
20873.100 6.420e+03
20887.490 5.747e+03
20907.400 6.144e+03
20913.846 6.113e+03
20919.180 4.554e+03
20920.370 4.570e+03
20956.500 5.157e+03
20976.840 7.256e+04
20984.440 1.170e+05
20991.839 5.854e+04
21021.200 4.966e+03
21035.520 5.108e+03
21055.923 6.438e+03
21084.980 6.857e+03
21092.230 6.368e+03
21093.820 6.543e+03
21125.352 5.527e+03
21142.138 5.595e+03
21143.108 5.595e+03
21145.190 5.664e+03
21145.361 5.664e+03
21154.360 6.299e+03
21176.570 6.642e+03
21210.500 5.548e+03
21214.740 5.657e+03
21237.090 6.148e+03
21285.300 3.902e+03
21307.300 5.775e+03
21328.740 1.127e+04
21335.130 1.190e+04
21337.330 1.055e+04
21371.320 5.258e+03
21390.130 4.172e+03
21395.830 4.393e+03
21412.280 4.356e+03
21431.920 4.921e+03
21460.500 5.734e+03
21508.270 4.344e+03
21508.670 4.344e+03
21520.770 6.499e+03
21538.855 1.306e+04
21545.140 4.642e+03
21548.780 4.736e+03
21558.330 4.181e+03
21571.100 3.825e+03
21595.300 3.884e+03
21602.370 3.863e+03
21604.810 3.698e+03
21607.780 3.846e+03
21633.800 3.645e+03
21640.400 3.883e+03
21663.130 3.836e+03
21675.980 3.732e+03
21691.362 3.412e+03
21707.040 7.056e+03
21708.240 7.066e+03
21722.530 3.043e+03
21739.190 2.972e+03
21741.070 2.649e+03
21754.650 3.032e+03
21756.000 3.175e+03
21756.770 3.175e+03
21779.000 3.315e+03
21886.000 4.860e+03
21938.700 4.046e+03
21970.700 2.461e+03
22005.400 3.403e+03
22007.000 3.197e+03
22058.500 4.568e+03
22082.100 1.071e+04
22092.370 3.687e+03
22092.800 3.687e+03
22093.100 2.794e+03
22106.300 4.452e+03
22118.660 4.419e+03
22121.320 4.017e+03
22135.800 2.325e+03
22148.300 2.684e+03
22152.900 3.570e+03
22177.200 2.712e+03
22192.100 2.196e+03
22203.870 3.281e+03
22205.840 3.453e+03
22260.800 2.403e+03
22260.800 2.403e+03
22278.800 1.722e+03
22288.500 1.589e+03
22293.600 2.072e+03
22294.800 2.295e+03
22294.900 2.295e+03
22296.450 2.360e+03
22323.000 2.539e+03
22345.200 1.337e+03
22358.800 2.669e+03
22364.150 1.625e+03
22390.000 1.451e+03
22395.390 2.366e+03
22395.580 2.366e+03
22401.800 2.857e+03
22410.470 3.004e+03
22412.040 2.277e+03
22416.800 1.316e+03
22420.600 1.423e+03
22430.300 1.587e+03
22460.800 3.148e+03
22484.600 2.561e+03
22491.800 3.529e+03
22498.200 3.203e+03
22510.810 1.528e+03
22512.000 2.035e+03
22528.800 1.528e+03
22541.300 1.942e+03
22541.500 1.942e+03
22546.400 2.098e+03
22548.100 2.335e+03
22581.800 2.106e+03
22625.790 2.015e+03
22627.390 1.623e+03
22646.680 1.490e+03
22648.730 1.512e+03
22653.600 1.833e+03
22669.600 2.845e+03
22674.700 2.165e+03
22676.500 2.215e+03
22677.000 2.215e+03
22713.220 2.227e+03
22713.430 2.227e+03
22722.800 2.420e+03
22729.290 2.050e+03
22729.490 2.050e+03
22733.100 2.081e+03
22734.900 1.654e+03
22827.400 3.419e+03
22830.500 2.915e+03
22861.640 2.170e+03
22863.270 2.475e+03
22883.859 3.254e+03
22897.700 3.188e+03
22900.890 2.624e+03
22902.990 2.927e+03
22935.890 1.851e+03
22936.080 1.851e+03
22957.300 2.900e+03
22962.570 2.253e+03
22997.500 2.065e+03
23028.500 2.230e+03
23049.640 3.913e+03
23052.500 3.865e+03
23179.900 2.871e+03
23260.310 3.101e+03
23372.700 3.097e+03
23444.960 2.419e+03
23457.100 3.732e+03
23467.500 2.449e+03
23541.200 2.871e+03
23556.200 3.881e+03
23729.500 3.398e+03
23787.600 2.440e+03
23846.400 4.449e+03
23847.300 2.251e+03
23851.540 1.625e+03
23911.250 2.401e+03
23958.590 1.109e+04
23987.900 2.154e+03
24012.100 0.000e+00
24138.100 0.000e+00
24154.400 0.000e+00
24156.000 0.000e+00
24165.500 0.000e+00
24223.000 0.000e+00
24237.400 0.000e+00
24286.400 0.000e+00
24366.200 0.000e+00
24379.200 0.000e+00
24393.700 0.000e+00
24424.800 0.000e+00
24443.300 0.000e+00
24524.100 0.000e+00
24541.800 0.000e+00
24553.300 0.000e+00
24587.570 0.000e+00
24623.100 0.000e+00
24634.600 0.000e+00
24645.400 0.000e+00
24664.430 0.000e+00
24691.000 0.000e+00
24736.800 0.000e+00
24756.000 0.000e+00
24783.060 0.000e+00
24785.170 0.000e+00
24788.900 0.000e+00
24840.200 0.000e+00
24848.200 0.000e+00
24856.700 0.000e+00
24871.800 0.000e+00
24923.500 0.000e+00
24951.200 0.000e+00
