9023.830 1.564e+05
9035.990 1.703e+05
9059.706 1.367e+05
9059.713 1.367e+05
9063.721 1.606e+05
9065.135 1.469e+05
9065.345 1.469e+05
9069.246 1.567e+05
9075.811 1.474e+05
9101.820 1.325e+05
9108.650 1.762e+05
9111.810 3.174e+05
9115.760 1.772e+06
9125.471 4.158e+06
9128.090 3.792e+06
9132.130 1.875e+06
9148.360 2.213e+05
9151.300 2.291e+05
9153.400 2.307e+05
9154.950 2.336e+05
9155.770 2.425e+05
9163.650 2.796e+05
9164.200 2.803e+05
9167.720 3.511e+05
9181.240 2.825e+05
9184.070 2.580e+05
9190.710 2.116e+05
9201.002 1.619e+05
9201.294 1.619e+05
9211.060 1.230e+05
9222.360 8.003e+05
9223.076 7.989e+05
9223.260 7.989e+05
9223.689 7.989e+05
9244.770 1.098e+05
9251.810 6.410e+04
9262.620 5.684e+04
9312.810 1.624e+05
9317.020 1.593e+05
9330.660 1.468e+05
9333.900 1.584e+05
9337.420 1.679e+05
9337.586 1.679e+05
9364.851 3.132e+05
9365.041 2.973e+05
9373.460 2.685e+05
9376.810 2.227e+05
9379.611 2.166e+05
9379.802 2.166e+05
9380.210 2.204e+05
9380.245 2.204e+05
9398.200 1.391e+05
9405.160 1.284e+05
9405.331 1.284e+05
9411.175 1.285e+05
9411.401 1.285e+05
9420.370 1.073e+05
9420.510 1.073e+05
9461.452 3.103e+04
9461.653 3.103e+04
9480.932 3.886e+04
9481.242 3.720e+04
9555.970 1.831e+05
9564.228 2.230e+05
9592.250 1.626e+05
9599.400 1.534e+05
9599.840 1.534e+05
9600.400 1.545e+05
9601.600 1.610e+05
9603.000 1.587e+05
9604.300 1.422e+05
9605.600 1.396e+05
9606.900 1.374e+05
9608.500 1.266e+05
9610.100 1.154e+05
9611.800 1.202e+05
9613.500 1.308e+05
9615.500 1.354e+05
9617.500 1.316e+05
9619.500 1.496e+05
9622.000 1.444e+05
9624.400 1.488e+05
9626.800 1.352e+05
9630.000 1.202e+05
9633.000 1.057e+05
9636.400 1.105e+05
9639.900 1.036e+05
9643.800 1.262e+05
9648.100 1.240e+06
9652.800 2.854e+06
9657.700 2.911e+06
9659.300 2.897e+06
9660.435 2.894e+06
9663.300 2.368e+06
9665.100 1.322e+06
9669.300 3.123e+04
9669.603 3.123e+04
9669.612 3.123e+04
9671.500 2.919e+04
9675.789 2.702e+04
9676.000 2.702e+04
9676.027 2.906e+04
9678.500 3.627e+04
9683.300 3.135e+04
9685.510 3.016e+04
9686.200 2.873e+04
9691.300 3.018e+04
9694.600 2.093e+04
9700.400 2.344e+04
9704.000 2.138e+04
9710.500 3.023e+04
9714.500 4.112e+04
9716.650 4.458e+04
9721.900 5.690e+04
9726.000 7.935e+04
9734.500 7.630e+04
9739.300 1.090e+05
9749.000 1.344e+05
9754.300 1.328e+05
9765.200 1.341e+05
9771.300 1.639e+05
9771.900 1.639e+05
9776.530 3.759e+05
9784.000 7.280e+05
9790.700 7.112e+05
9795.130 2.274e+05
9803.600 1.681e+05
9805.400 1.622e+05
9813.000 1.158e+05
9817.951 1.058e+05
9830.100 1.334e+05
9830.100 1.334e+05
9838.700 1.244e+05
9838.800 1.244e+05
9858.800 5.178e+04
9859.700 5.112e+04
9868.500 3.342e+04
9884.846 1.278e+04
9890.700 1.819e+04
9892.900 2.048e+04
9896.400 1.709e+04
9922.600 2.650e+04
9923.700 2.810e+04
9925.000 2.790e+04
9926.500 2.841e+04
9927.900 3.415e+04
9929.200 3.256e+04
9930.600 2.606e+04
9932.400 2.814e+04
9934.100 3.366e+04
9935.800 3.284e+04
9935.900 3.284e+04
9937.700 3.152e+04
9939.800 4.336e+04
9940.200 3.972e+04
9942.000 4.712e+04
9944.100 4.810e+04
9946.800 4.791e+04
9949.300 5.039e+04
9951.900 5.192e+04
9954.574 4.527e+04
9955.300 4.084e+04
9958.500 4.441e+04
9958.800 4.441e+04
9962.200 6.311e+04
9965.900 6.785e+04
9970.100 8.009e+04
9974.700 9.704e+04
9979.700 9.254e+04
9982.580 1.132e+05
9984.900 1.179e+05
9985.600 1.127e+05
9988.000 1.600e+05
9990.900 1.440e+05
9997.300 1.476e+05
9997.540 1.476e+05
10004.500 1.181e+05
10008.500 1.244e+05
10012.300 1.387e+05
10020.900 1.104e+05
10030.600 8.049e+04
10032.405 5.428e+04
10032.435 5.428e+04
10041.400 7.929e+04
10042.430 7.333e+04
10046.300 6.394e+04
10047.900 6.651e+04
10053.500 6.506e+04
10054.754 6.550e+04
10054.816 6.550e+04
10067.100 5.180e+04
10072.200 5.303e+04
10074.600 4.890e+04
10075.700 5.012e+04
10077.000 5.518e+04
10078.500 5.115e+04
10080.000 4.919e+04
10081.400 5.214e+04
10082.500 5.267e+04
10082.800 5.267e+04
10084.600 5.628e+04
10086.400 6.407e+04
10088.200 6.020e+04
10090.100 6.530e+04
10092.300 6.880e+04
10094.500 6.992e+04
10096.800 6.080e+04
10097.035 6.154e+04
10099.500 6.293e+04
10099.900 6.293e+04
10102.100 5.089e+04
10104.700 4.651e+04
10107.400 3.338e+04
10107.620 3.338e+04
10107.781 3.338e+04
10108.300 2.694e+04
10108.600 2.694e+04
10109.900 2.738e+04
10111.400 3.063e+04
10111.600 3.063e+04
10112.800 3.002e+04
10114.300 2.001e+04
10115.300 1.797e+04
10115.700 1.797e+04
10117.600 1.570e+04
10119.200 1.535e+04
10119.300 1.535e+04
10119.900 1.535e+04
10121.100 1.535e+04
10121.900 1.535e+04
10122.500 1.537e+04
10123.100 1.257e+04
10123.500 1.257e+04
10125.200 1.382e+04
10127.500 1.172e+04
10128.300 1.189e+04
10129.800 1.189e+04
10132.500 1.230e+04
10133.400 1.137e+04
10135.100 1.037e+04
10137.800 1.209e+04
10138.800 1.207e+04
10140.600 1.675e+04
10141.400 1.321e+04
10142.800 1.228e+04
10144.700 1.107e+04
10145.000 1.107e+04
10147.000 1.103e+04
10147.470 1.103e+04
10148.500 1.236e+04
10148.880 1.236e+04
10151.600 1.700e+04
10152.400 1.638e+04
10152.640 1.638e+04
10154.000 1.782e+04
10154.300 1.782e+04
10156.600 1.625e+04
10156.700 1.625e+04
10159.000 1.788e+04
10161.500 2.348e+04
10161.700 2.348e+04
10164.340 2.172e+04
10166.220 2.009e+04
10166.600 2.009e+04
10167.100 1.680e+04
10167.188 1.680e+04
10169.300 2.082e+04
10169.300 2.082e+04
10170.200 1.989e+04
10172.100 2.306e+04
10173.900 2.329e+04
10174.030 2.221e+04
10175.900 2.187e+04
10178.300 2.472e+04
10179.500 2.472e+04
10180.300 2.356e+04
10184.900 2.220e+04
10185.900 2.601e+04
10187.300 2.818e+04
10189.900 2.989e+04
10192.400 3.021e+04
10195.100 4.229e+04
10197.000 4.914e+04
10200.000 6.560e+04
10200.500 6.560e+04
10201.000 6.180e+04
10201.400 6.180e+04
10203.700 6.272e+04
10209.400 7.947e+04
10209.500 7.947e+04
10209.580 7.947e+04
10211.321 7.643e+04
10213.000 8.335e+04
10214.100 8.073e+04
10215.220 7.884e+04
10216.700 8.384e+04
10216.700 8.384e+04
10218.220 9.245e+04
10219.500 9.045e+04
10223.050 8.929e+04
10223.500 8.929e+04
10223.500 8.929e+04
10225.141 9.135e+04
10228.700 9.090e+04
10230.403 9.715e+04
10230.700 9.715e+04
10234.200 9.567e+04
10235.100 9.921e+04
10236.500 9.326e+04
10239.400 9.753e+04
10243.300 8.768e+04
10245.160 7.646e+04
10245.300 7.646e+04
10247.900 8.036e+04
10253.310 6.513e+04
10254.080 6.603e+04
10257.300 6.422e+04
10257.400 6.422e+04
10262.600 7.533e+04
10264.100 7.718e+04
10265.060 7.865e+04
10269.780 6.960e+04
10273.400 6.681e+04
10278.000 5.462e+04
10279.300 5.216e+04
10282.600 5.979e+04
10285.400 6.106e+04
10287.100 6.550e+04
10291.400 5.995e+04
10298.200 4.530e+04
10301.700 4.131e+04
10305.616 4.052e+04
10310.100 3.931e+04
10311.938 4.116e+04
10311.970 4.116e+04
10312.200 3.642e+04
10319.700 3.668e+04
10322.292 3.505e+04
10322.531 3.505e+04
10326.930 3.848e+04
10329.000 4.732e+04
10329.000 4.732e+04
10334.920 6.027e+04
10335.552 6.563e+04
10335.800 6.563e+04
10336.000 7.758e+04
10336.800 7.758e+04
10338.400 7.775e+04
10338.600 7.775e+04
10339.100 7.828e+04
10342.600 8.404e+04
10342.940 8.404e+04
10344.500 8.139e+04
10360.322 1.363e+04
10360.700 1.363e+04
10361.600 1.363e+04
10363.500 1.208e+04
10363.500 1.208e+04
10370.680 1.296e+04
10371.400 1.068e+04
10373.200 9.623e+03
10381.350 1.198e+04
10393.520 2.062e+04
10395.400 2.756e+04
10395.900 2.756e+04
10396.400 2.862e+04
10396.886 2.862e+04
10398.300 2.680e+04
10400.900 3.089e+04
10402.200 2.617e+04
10402.600 2.617e+04
10404.040 2.862e+04
10406.200 2.776e+04
10428.187 2.656e+04
10430.400 2.905e+04
10430.900 2.905e+04
10433.300 3.653e+04
10437.200 3.434e+04
10437.440 3.434e+04
10441.210 3.467e+04
10444.310 3.565e+04
10445.900 3.838e+04
10447.230 3.520e+04
10450.600 4.156e+04
10471.100 1.411e+06
10476.722 1.032e+06
10477.700 6.722e+05
10480.905 1.299e+05
10481.200 8.972e+04
10481.900 8.972e+04
10482.500 8.972e+04
10485.900 7.703e+04
10492.300 4.381e+04
10494.655 4.153e+04
10499.430 2.447e+04
10500.800 2.274e+04
10502.900 2.322e+04
10503.500 2.546e+04
10506.190 2.822e+04
10506.600 2.822e+04
10509.340 2.338e+04
10510.400 2.463e+04
10511.700 2.634e+04
10513.100 2.898e+04
10514.800 3.259e+04
10516.300 3.191e+04
10517.900 3.191e+04
10519.400 3.343e+04
10521.400 3.831e+04
10521.740 3.831e+04
10523.300 4.776e+04
10525.300 4.676e+04
10526.100 4.805e+04
10526.120 4.805e+04
10527.400 4.506e+04
10529.700 4.726e+04
10530.257 4.377e+04
10530.504 4.377e+04
10532.100 4.531e+04
10532.217 4.531e+04
10534.470 3.967e+04
10534.600 3.967e+04
10536.500 3.188e+04
10537.600 3.508e+04
10538.130 3.305e+04
10538.268 3.305e+04
10539.200 2.994e+04
10540.400 2.719e+04
10543.200 3.409e+04
10544.900 2.787e+04
10547.100 3.153e+04
10550.700 3.774e+04
10550.810 3.774e+04
10551.840 3.774e+04
10554.800 3.527e+04
10559.100 3.422e+04
10562.000 3.032e+04
10563.700 2.974e+04
10567.900 2.512e+04
10568.900 2.936e+04
10569.700 2.667e+04
10574.500 2.084e+04
10576.850 2.426e+04
10579.112 4.268e+04
10580.400 4.634e+04
10582.300 4.358e+04
10583.600 4.822e+04
10583.600 4.822e+04
10587.100 5.937e+04
10589.200 6.848e+04
10593.930 6.339e+04
10594.193 6.339e+04
10594.300 6.339e+04
10596.600 4.791e+04
10596.900 4.791e+04
10597.630 4.628e+04
10601.340 3.371e+04
10602.400 3.371e+04
10604.100 2.028e+04
10605.300 1.604e+04
10605.900 1.604e+04
10608.180 1.687e+04
10611.200 1.557e+04
10614.160 1.663e+04
10614.500 1.663e+04
10620.700 1.803e+04
10624.700 1.090e+04
10631.700 1.465e+04
10633.000 1.231e+04
10636.000 2.287e+04
10637.200 2.281e+04
10643.800 1.842e+04
10648.600 2.538e+04
10651.600 1.986e+04
10652.300 1.688e+04
10654.180 1.440e+04
10657.400 2.071e+04
10657.641 2.071e+04
10662.400 2.190e+04
10668.660 1.080e+05
10672.010 1.052e+05
10672.600 1.052e+05
10676.490 1.074e+05
10678.300 1.013e+05
10679.950 7.573e+04
10680.940 4.905e+04
10683.980 1.954e+04
10685.670 2.004e+04
10687.510 2.292e+04
10688.300 2.273e+04
10689.000 2.273e+04
10690.000 2.141e+04
10691.780 1.986e+04
10696.400 3.152e+04
10699.200 3.735e+04
10709.600 3.020e+04
10712.500 3.438e+04
10715.000 3.136e+04
10715.471 3.136e+04
10715.726 3.136e+04
10716.870 3.442e+04
10716.900 3.442e+04
10718.790 3.588e+04
10722.640 3.628e+04
10724.640 3.553e+04
10730.300 3.341e+04
10730.340 3.341e+04
10732.100 3.014e+04
10733.440 3.347e+04
10734.800 3.068e+04
10735.056 2.803e+04
10736.803 3.167e+04
10736.830 3.167e+04
10736.837 3.167e+04
10740.200 3.553e+04
10745.870 3.738e+04
10748.950 3.689e+04
10756.700 4.506e+04
10756.700 4.506e+04
10757.800 4.234e+04
10762.109 4.531e+04
10762.440 4.531e+04
10767.000 4.777e+04
10771.120 4.176e+04
10773.352 4.181e+04
10773.612 4.181e+04
10774.960 3.538e+04
10779.830 3.847e+04
10787.700 2.785e+04
10787.700 2.785e+04
10788.220 2.800e+04
10794.100 2.241e+04
10794.100 2.241e+04
10797.250 2.425e+04
10798.200 2.663e+04
10798.616 2.663e+04
10799.018 2.869e+04
10808.700 3.388e+04
10809.983 3.728e+04
10812.550 3.632e+04
10814.950 3.846e+04
10822.200 3.419e+04
10823.300 3.921e+04
10824.170 3.532e+04
10825.660 3.193e+04
10825.900 3.193e+04
10827.490 3.159e+04
10827.860 3.159e+04
10833.900 2.374e+04
10835.000 2.513e+04
10845.440 2.272e+04
10846.380 2.165e+04
10849.030 2.533e+04
10855.670 3.720e+04
10860.700 3.039e+04
10863.300 2.854e+04
10863.900 2.854e+04
10867.500 2.821e+04
10878.310 4.524e+04
10889.800 3.327e+04
10891.000 2.888e+04
10892.400 2.653e+04
10894.590 3.295e+04
10896.320 3.246e+04
10912.390 1.056e+04
10913.340 1.120e+04
10914.960 1.271e+04
10915.200 1.428e+04
10916.020 1.278e+04
10920.300 1.234e+04
10922.750 1.655e+04
10927.490 1.327e+04
10928.200 1.450e+04
10930.900 1.706e+04
10934.760 1.303e+04
10939.330 1.416e+04
10942.800 1.489e+04
10950.010 2.492e+04
10950.872 2.492e+04
10952.850 2.165e+04
10953.540 2.165e+04
10966.150 3.247e+04
10967.032 3.445e+04
10972.380 4.073e+04
10975.200 3.457e+04
10978.080 3.290e+04
10978.100 3.290e+04
10980.350 3.066e+04
11002.900 4.555e+04
11021.760 5.178e+04
11039.820 3.408e+04
11043.110 3.363e+04
11046.207 3.029e+04
11046.300 3.029e+04
11048.600 4.313e+04
11050.480 3.615e+04
11050.500 3.615e+04
11066.100 2.653e+04
11074.400 4.916e+04
11078.040 6.053e+04
11078.561 6.053e+04
11079.900 5.402e+04
11081.329 5.858e+04
11085.800 5.202e+04
11093.260 2.667e+04
11097.430 3.260e+04
11100.200 3.688e+04
11107.510 5.747e+04
11109.509 5.441e+04
11109.546 5.441e+04
11114.100 5.552e+04
11117.780 5.404e+04
11121.527 3.736e+04
11121.804 3.736e+04
11123.750 3.246e+04
11129.670 4.434e+04
11135.800 3.113e+04
11135.820 3.113e+04
11136.210 3.674e+04
11136.320 3.674e+04
11137.310 3.674e+04
11138.490 4.054e+04
11140.000 4.696e+04
11140.100 4.696e+04
11140.800 4.696e+04
11148.452 2.996e+04
11156.110 2.371e+04
11156.640 2.371e+04
11163.310 2.826e+04
11169.340 1.893e+04
11175.640 2.650e+04
11177.310 2.429e+04
11177.750 2.429e+04
11191.820 1.417e+04
11194.190 2.099e+04
11198.444 1.927e+04
11216.080 2.371e+04
11226.970 2.482e+04
11255.000 3.132e+04
11255.000 3.132e+04
11299.450 5.037e+04
11321.190 2.181e+04
11327.500 2.742e+04
11327.550 2.742e+04
11362.690 3.889e+04
11369.000 4.463e+04
11369.100 4.463e+04
11370.950 4.744e+04
11397.770 4.561e+04
11400.900 4.905e+04
11401.768 4.677e+04
11403.800 5.292e+04
11406.910 4.759e+04
11412.820 3.950e+04
11421.880 3.396e+04
11432.160 3.876e+04
11435.870 3.945e+04
11444.760 4.032e+04
11455.150 7.173e+04
11456.430 8.190e+04
11464.130 7.897e+04
11469.490 7.912e+04
11472.000 6.485e+04
11473.040 7.245e+04
11474.480 7.245e+04
11481.000 7.601e+04
11482.060 7.910e+04
11500.710 4.609e+04
11508.960 3.065e+04
11519.340 3.086e+04
11531.160 3.342e+04
11531.570 3.342e+04
11534.100 3.133e+04
11557.130 3.513e+04
11572.500 4.564e+04
11576.020 4.178e+04
11597.020 2.695e+04
11603.300 2.151e+04
11672.990 4.142e+04
11676.670 3.249e+04
11681.705 3.570e+04
11684.910 3.460e+04
11711.415 4.000e+04
11711.888 4.000e+04
11714.530 3.652e+04
11717.120 4.449e+04
11720.830 5.485e+04
11722.695 5.253e+04
11729.130 5.703e+04
11736.447 5.884e+04
11736.880 5.884e+04
11760.630 5.128e+04
11769.150 4.426e+04
11781.490 3.156e+04
11783.360 3.362e+04
11798.244 4.105e+04
11817.900 6.188e+04
11828.330 5.474e+04
11843.060 5.092e+04
11863.130 3.164e+04
11874.560 3.645e+04
11881.500 4.845e+04
11883.239 4.588e+04
11922.950 4.607e+04
11936.600 3.232e+04
11946.571 2.511e+04
11947.140 2.385e+04
11974.500 1.802e+04
11974.730 1.802e+04
11978.230 1.638e+04
11990.200 1.462e+04
11996.700 2.424e+04
12001.180 2.616e+04
12003.920 2.502e+04
12004.400 2.220e+04
12009.610 2.112e+04
12049.800 5.409e+04
12056.410 4.677e+04
12059.960 4.601e+04
12063.500 4.772e+04
12072.080 5.344e+04
12080.100 4.166e+04
12081.623 4.863e+04
12091.760 4.503e+04
12093.900 4.507e+04
12115.638 4.577e+04
12143.059 4.051e+04
12157.200 7.426e+04
12205.100 5.322e+04
12224.170 2.660e+04
12227.010 2.980e+04
12237.730 3.007e+04
12262.180 2.576e+04
12266.240 2.443e+04
12272.570 2.707e+04
12275.440 2.663e+04
12277.453 2.042e+04
12285.160 2.113e+04
12297.740 1.730e+04
12302.810 2.179e+04
12311.300 1.325e+04
12328.030 1.747e+04
12330.330 1.704e+04
12334.050 1.961e+04
12346.730 3.492e+04
12346.769 3.492e+04
12359.199 3.804e+04
12359.677 3.804e+04
12377.900 2.365e+04
12380.580 2.324e+04
12406.221 7.345e+04
12422.180 4.106e+04
12422.812 4.106e+04
12423.428 4.106e+04
12442.725 1.210e+05
12454.700 4.386e+04
12459.522 4.915e+04
12481.880 8.512e+04
12491.079 9.568e+04
12509.285 6.245e+04
12524.259 5.946e+04
12547.000 6.128e+04
12549.185 4.844e+04
12557.759 5.098e+04
12575.072 6.706e+04
12588.281 6.953e+04
12641.937 1.052e+04
12662.700 1.268e+04
12666.436 1.270e+04
12678.200 1.923e+04
12705.755 2.456e+04
12711.700 2.701e+04
12711.808 2.701e+04
12736.902 4.623e+04
12746.600 2.960e+04
12747.536 2.960e+04
12749.719 2.703e+04
12769.440 3.024e+04
12771.524 3.300e+04
12773.290 3.993e+04
12776.323 3.818e+04
12781.700 3.170e+04
12781.700 3.170e+04
12795.041 3.571e+04
12797.600 3.766e+04
12798.992 4.513e+04
12806.239 3.984e+04
12808.400 4.108e+04
12813.117 3.438e+04
12813.790 3.438e+04
12816.990 3.115e+04
12826.943 4.081e+04
12828.160 4.245e+04
12838.790 4.642e+04
12839.133 5.084e+04
12848.050 6.529e+04
12863.600 1.200e+05
12863.600 1.200e+05
12866.160 1.188e+05
12866.260 1.188e+05
12871.860 9.505e+04
12876.905 7.896e+04
12895.800 5.835e+04
12900.030 7.204e+04
12904.563 8.974e+04
12906.553 8.863e+04
12914.590 1.091e+05
12915.780 1.032e+05
12920.581 1.012e+05
12920.893 1.012e+05
12922.200 1.013e+05
12926.900 8.702e+04
12936.734 9.802e+04
12947.780 2.104e+05
12960.202 1.813e+05
12960.494 1.813e+05
12962.100 1.638e+05
12962.100 1.638e+05
12975.671 1.093e+05
12983.100 1.039e+05
12992.254 7.833e+04
12997.300 8.396e+04
12999.100 6.439e+04
12999.464 6.439e+04
13011.822 6.014e+04
13031.988 1.864e+04
13040.700 1.130e+04
13042.738 1.027e+04
13052.895 1.001e+04
13054.771 9.390e+03
13059.930 7.608e+03
13071.624 1.240e+04
13079.300 7.325e+03
13084.900 1.348e+04
13085.600 1.496e+04
13094.330 1.583e+04
13098.232 2.081e+04
13103.960 1.478e+04
13110.701 1.506e+04
13112.680 1.221e+04
13122.520 6.375e+03
13122.910 6.375e+03
13125.600 8.208e+03
13133.872 1.284e+04
13147.500 3.321e+04
13149.880 3.140e+04
13149.998 3.140e+04
13157.439 1.453e+04
13159.590 1.052e+04
13165.880 1.423e+04
13169.150 1.517e+04
13175.200 1.383e+04
13178.700 1.088e+04
13181.800 1.160e+04
13185.570 7.906e+03
13205.023 3.117e+04
13217.605 3.854e+04
13226.810 3.829e+04
13231.722 4.000e+04
13234.515 4.898e+04
13237.911 4.290e+04
13240.300 4.674e+04
13241.200 4.277e+04
13247.586 5.374e+04
13261.501 6.226e+04
13276.265 8.776e+04
13277.584 9.492e+04
13302.400 1.667e+04
13305.950 8.828e+03
13316.850 0.000e+00
13318.486 0.000e+00
13333.758 0.000e+00
13333.826 0.000e+00
13362.900 0.000e+00
13368.800 0.000e+00
13369.704 0.000e+00
13370.766 0.000e+00
13371.482 0.000e+00
13377.479 0.000e+00
13391.100 0.000e+00
13410.179 0.000e+00
13410.253 0.000e+00
13418.201 0.000e+00
13422.410 0.000e+00
13424.960 0.000e+00
13442.100 0.000e+00
13443.200 0.000e+00
13452.200 0.000e+00
13459.800 0.000e+00
13467.150 0.000e+00
13470.406 0.000e+00
13474.900 0.000e+00
13476.544 0.000e+00
13498.000 0.000e+00
13503.098 0.000e+00
13507.038 0.000e+00
13507.882 0.000e+00
13547.908 0.000e+00
13558.644 0.000e+00
13566.158 0.000e+00
13577.330 0.000e+00
13583.200 0.000e+00
13592.500 0.000e+00
13603.051 0.000e+00
13604.000 0.000e+00
13611.600 0.000e+00
13621.900 0.000e+00
13622.860 0.000e+00
13626.384 0.000e+00
13629.520 0.000e+00
13631.200 0.000e+00
13638.700 0.000e+00
13656.527 0.000e+00
13682.289 0.000e+00
13715.600 0.000e+00
13722.328 0.000e+00
13726.000 0.000e+00
13726.000 0.000e+00
13736.400 0.000e+00
13744.048 0.000e+00
13758.587 0.000e+00
13799.900 0.000e+00
13806.002 0.000e+00
13806.870 0.000e+00
13817.100 0.000e+00
13818.730 0.000e+00
13820.400 0.000e+00
13820.400 0.000e+00
13822.925 0.000e+00
13829.497 0.000e+00
13832.102 0.000e+00
13832.175 0.000e+00
13840.320 0.000e+00
13851.080 0.000e+00
13870.187 0.000e+00
13870.789 0.000e+00
13884.310 0.000e+00
13885.200 0.000e+00
13893.600 0.000e+00
13902.600 0.000e+00
13911.278 0.000e+00
13914.360 0.000e+00
13930.500 0.000e+00
13934.200 0.000e+00
13934.200 0.000e+00
13939.600 0.000e+00
13941.600 0.000e+00
13954.810 0.000e+00
13958.200 0.000e+00
13958.200 0.000e+00
13988.910 0.000e+00
14019.300 0.000e+00
14025.100 0.000e+00
14039.255 0.000e+00
14055.900 0.000e+00
14055.900 0.000e+00
14065.827 0.000e+00
14076.200 0.000e+00
14077.000 0.000e+00
14077.200 0.000e+00
14081.000 0.000e+00
14089.760 0.000e+00
14097.493 0.000e+00
14131.500 0.000e+00
14173.600 0.000e+00
14173.600 0.000e+00
14180.800 0.000e+00
14188.500 0.000e+00
14196.332 0.000e+00
14203.700 0.000e+00
14246.200 0.000e+00
14256.200 0.000e+00
14257.300 0.000e+00
14258.037 0.000e+00
14258.741 0.000e+00
14260.766 0.000e+00
14267.600 0.000e+00
14290.440 0.000e+00
14299.480 0.000e+00
14302.226 0.000e+00
14320.600 0.000e+00
14321.400 0.000e+00
14366.855 0.000e+00
14369.200 0.000e+00
14394.370 0.000e+00
14395.300 0.000e+00
14397.190 0.000e+00
14398.500 0.000e+00
14405.300 0.000e+00
14409.500 0.000e+00
14414.000 0.000e+00
14416.401 0.000e+00
14428.800 0.000e+00
14435.720 0.000e+00
14436.700 0.000e+00
14448.771 0.000e+00
14470.900 0.000e+00
14484.579 0.000e+00
14490.500 0.000e+00
14491.800 0.000e+00
14506.140 0.000e+00
14506.900 0.000e+00
14508.000 0.000e+00
14510.000 0.000e+00
14514.494 0.000e+00
14515.800 0.000e+00
14516.600 0.000e+00
14518.100 0.000e+00
14518.900 0.000e+00
14520.800 0.000e+00
14521.700 0.000e+00
14524.000 0.000e+00
14524.800 0.000e+00
14526.060 0.000e+00
14526.447 0.000e+00
14526.900 0.000e+00
14527.800 0.000e+00
14529.500 0.000e+00
14529.500 0.000e+00
14529.740 0.000e+00
14529.900 0.000e+00
14530.200 0.000e+00
14530.700 0.000e+00
14532.800 0.000e+00
14533.700 0.000e+00
14534.500 0.000e+00
14536.600 0.000e+00
14537.360 0.000e+00
14537.500 0.000e+00
14540.200 0.000e+00
14541.100 0.000e+00
14544.000 0.000e+00
14544.900 0.000e+00
14545.260 0.000e+00
14547.400 0.000e+00
14548.100 0.000e+00
14548.900 0.000e+00
14552.500 0.000e+00
14553.400 0.000e+00
14557.200 0.000e+00
14558.000 0.000e+00
14561.800 0.000e+00
14562.700 0.000e+00
14563.400 0.000e+00
14565.032 0.000e+00
14567.600 0.000e+00
14568.400 0.000e+00
14572.900 0.000e+00
14573.700 0.000e+00
14578.400 0.000e+00
14579.200 0.000e+00
14585.800 0.000e+00
14586.700 0.000e+00
14589.880 0.000e+00
14592.600 0.000e+00
14593.500 0.000e+00
14599.723 0.000e+00
14600.461 0.000e+00
14600.500 0.000e+00
14600.813 0.000e+00
14601.400 0.000e+00
14604.400 0.000e+00
14606.800 0.000e+00
14607.100 0.000e+00
14607.740 0.000e+00
14608.600 0.000e+00
14609.500 0.000e+00
14609.600 0.000e+00
14612.800 0.000e+00
14615.310 0.000e+00
14615.700 0.000e+00
14617.600 0.000e+00
14618.500 0.000e+00
14618.700 0.000e+00
14621.700 0.000e+00
14625.600 0.000e+00
14627.400 0.000e+00
14628.300 0.000e+00
14629.200 0.000e+00
14633.100 0.000e+00
14634.661 0.000e+00
14635.400 0.000e+00
14635.400 0.000e+00
14635.629 0.000e+00
14636.370 0.000e+00
14637.100 0.000e+00
14638.100 0.000e+00
14638.414 0.000e+00
14638.504 0.000e+00
14638.915 0.000e+00
14639.000 0.000e+00
14641.600 0.000e+00
14646.400 0.000e+00
14646.812 0.000e+00
14648.450 0.000e+00
14649.500 0.000e+00
14650.400 0.000e+00
14651.100 0.000e+00
14653.200 0.000e+00
14654.000 0.000e+00
14654.200 0.000e+00
14654.351 0.000e+00
14656.900 0.000e+00
14661.300 0.000e+00
14662.200 0.000e+00
14662.400 0.000e+00
14663.300 0.000e+00
14666.500 0.000e+00
14667.300 0.000e+00
14667.800 0.000e+00
14668.760 0.000e+00
14674.100 0.000e+00
14675.400 0.000e+00
14676.200 0.000e+00
14676.700 0.000e+00
14676.920 0.000e+00
14677.000 0.000e+00
14678.700 0.000e+00
14681.100 0.000e+00
14682.000 0.000e+00
14682.300 0.000e+00
14684.900 0.000e+00
14686.041 0.000e+00
14687.600 0.000e+00
14688.645 0.000e+00
14690.200 0.000e+00
14691.700 0.000e+00
14692.600 0.000e+00
14697.023 0.000e+00
14697.300 0.000e+00
14697.699 0.000e+00
14698.200 0.000e+00
14698.500 0.000e+00
14707.500 0.000e+00
14708.500 0.000e+00
14709.400 0.000e+00
14711.400 0.000e+00
14715.000 0.000e+00
14715.900 0.000e+00
14717.500 0.000e+00
14717.500 0.000e+00
14727.000 0.000e+00
14727.800 0.000e+00
14728.300 0.000e+00
14734.600 0.000e+00
14735.400 0.000e+00
14739.385 0.000e+00
14739.800 0.000e+00
14748.000 0.000e+00
14748.900 0.000e+00
14749.500 0.000e+00
14750.900 0.000e+00
14752.900 0.000e+00
14756.300 0.000e+00
14757.200 0.000e+00
14761.160 0.000e+00
14763.100 0.000e+00
14763.100 0.000e+00
14766.800 0.000e+00
14771.300 0.000e+00
14772.200 0.000e+00
14780.500 0.000e+00
14781.400 0.000e+00
14782.500 0.000e+00
14787.066 0.000e+00
14787.938 0.000e+00
14797.600 0.000e+00
14798.400 0.000e+00
14799.600 0.000e+00
14807.200 0.000e+00
14808.100 0.000e+00
14809.813 0.000e+00
14810.660 0.000e+00
14818.200 0.000e+00
14827.000 0.000e+00
14827.800 0.000e+00
14838.000 0.000e+00
14838.800 0.000e+00
14839.600 0.000e+00
14844.700 0.000e+00
14847.930 0.000e+00
14848.000 0.000e+00
14853.000 0.000e+00
14857.730 0.000e+00
14860.500 0.000e+00
14861.200 0.000e+00
14861.300 0.000e+00
14863.200 0.000e+00
14865.200 0.000e+00
14866.150 0.000e+00
14872.800 0.000e+00
14873.700 0.000e+00
14881.772 0.000e+00
14889.700 0.000e+00
14898.300 0.000e+00
14899.200 0.000e+00
14902.191 0.000e+00
14910.000 0.000e+00
14912.140 0.000e+00
14912.500 0.000e+00
14913.400 0.000e+00
14917.300 0.000e+00
14919.500 0.000e+00
14922.600 0.000e+00
14923.500 0.000e+00
14941.900 0.000e+00
14942.800 0.000e+00
14944.600 0.000e+00
14953.400 0.000e+00
14953.800 0.000e+00
14957.600 0.000e+00
14958.500 0.000e+00
14968.074 0.000e+00
14978.661 0.000e+00
14980.323 0.000e+00
14991.700 0.000e+00
14991.900 0.000e+00
14992.800 0.000e+00
15009.700 0.000e+00
15010.600 0.000e+00
15017.266 0.000e+00
15021.361 0.000e+00
15035.900 0.000e+00
15040.200 0.000e+00
15040.243 0.000e+00
15048.800 0.000e+00
15049.900 0.000e+00
15050.437 0.000e+00
15050.615 0.000e+00
15050.800 0.000e+00
15053.077 0.000e+00
15059.600 0.000e+00
15070.300 0.000e+00
15071.200 0.000e+00
15072.600 0.000e+00
15074.700 0.000e+00
15083.300 0.000e+00
15086.500 0.000e+00
15089.290 0.000e+00
15090.900 0.000e+00
15094.400 0.000e+00
15094.515 0.000e+00
15113.500 0.000e+00
15117.200 0.000e+00
15118.100 0.000e+00
15121.300 0.000e+00
15125.100 0.000e+00
15126.200 0.000e+00
15135.842 0.000e+00
15140.100 0.000e+00
15141.000 0.000e+00
15145.200 0.000e+00
15154.160 0.000e+00
15157.529 0.000e+00
15176.837 0.000e+00
15192.300 0.000e+00
15193.300 0.000e+00
15205.700 0.000e+00
15206.700 0.000e+00
15210.700 0.000e+00
15213.400 0.000e+00
15220.200 0.000e+00
15231.200 0.000e+00
15235.600 0.000e+00
15242.900 0.000e+00
15285.300 0.000e+00
15287.530 0.000e+00
15289.500 0.000e+00
15291.200 0.000e+00
15293.000 0.000e+00
15296.440 0.000e+00
15306.062 0.000e+00
15306.151 0.000e+00
15309.300 0.000e+00
15310.300 0.000e+00
15320.240 0.000e+00
15333.533 0.000e+00
15339.600 0.000e+00
15352.710 0.000e+00
15353.000 0.000e+00
15353.448 0.000e+00
15353.500 0.000e+00
15354.500 0.000e+00
15361.200 0.000e+00
15389.000 0.000e+00
15390.400 0.000e+00
15391.200 0.000e+00
15393.700 0.000e+00
15400.900 0.000e+00
15408.000 0.000e+00
15421.420 0.000e+00
15421.610 0.000e+00
15423.100 0.000e+00
15424.100 0.000e+00
15426.590 0.000e+00
15432.740 0.000e+00
15432.800 0.000e+00
15450.993 0.000e+00
15453.310 0.000e+00
15472.000 0.000e+00
15473.000 0.000e+00
15517.700 0.000e+00
15522.200 0.000e+00
15523.300 0.000e+00
15542.300 0.000e+00
15566.500 0.000e+00
15567.240 0.000e+00
15567.400 0.000e+00
15570.600 0.000e+00
15573.330 0.000e+00
15587.630 0.000e+00
15601.500 0.000e+00
15603.200 0.000e+00
15604.300 0.000e+00
15611.500 0.000e+00
15620.100 0.000e+00
15620.900 0.000e+00
15624.800 0.000e+00
15625.800 0.000e+00
15634.000 0.000e+00
15650.630 0.000e+00
15654.070 0.000e+00
15668.500 0.000e+00
15691.407 0.000e+00
15698.460 0.000e+00
15698.480 0.000e+00
15705.070 0.000e+00
15711.110 0.000e+00
15729.205 0.000e+00
15760.588 0.000e+00
15769.270 0.000e+00
15806.680 0.000e+00
15807.680 0.000e+00
15819.240 0.000e+00
15820.230 0.000e+00
15823.270 0.000e+00
15831.184 0.000e+00
15831.610 0.000e+00
15841.770 0.000e+00
15847.320 0.000e+00
15847.420 0.000e+00
15849.570 0.000e+00
15863.150 0.000e+00
15888.400 0.000e+00
15889.190 0.000e+00
15903.970 0.000e+00
15904.031 0.000e+00
15904.320 0.000e+00
15911.100 0.000e+00
15911.890 0.000e+00
15912.461 0.000e+00
15939.370 0.000e+00
15939.470 0.000e+00
15955.390 0.000e+00
15955.490 0.000e+00
15990.120 0.000e+00
15993.859 0.000e+00
16008.280 0.000e+00
16015.710 0.000e+00
16016.740 0.000e+00
16032.500 0.000e+00
16045.010 0.000e+00
16046.040 0.000e+00
16047.100 0.000e+00
16064.670 0.000e+00
16065.010 0.000e+00
16066.040 0.000e+00
16080.180 0.000e+00
16082.800 0.000e+00
16096.230 0.000e+00
16096.330 0.000e+00
16113.610 0.000e+00
16114.106 0.000e+00
16114.350 0.000e+00
16115.160 0.000e+00
16122.920 0.000e+00
16123.730 0.000e+00
16138.770 0.000e+00
16139.580 0.000e+00
16152.610 0.000e+00
16153.430 0.000e+00
16155.040 0.000e+00
16160.000 0.000e+00
16166.780 0.000e+00
16166.880 0.000e+00
16174.110 0.000e+00
16175.410 0.000e+00
16179.060 0.000e+00
16179.080 0.000e+00
16185.870 0.000e+00
16186.080 0.000e+00
16191.360 0.000e+00
16191.460 0.000e+00
16205.650 0.000e+00
16207.730 0.000e+00
16207.830 0.000e+00
16211.320 0.000e+00
16217.920 0.000e+00
16251.840 0.000e+00
16266.720 0.000e+00
16305.500 0.000e+00
16320.220 0.000e+00
16326.990 0.000e+00
16328.050 0.000e+00
16355.030 0.000e+00
16356.090 0.000e+00
16381.580 0.000e+00
16382.650 0.000e+00
16398.670 0.000e+00
16410.670 0.000e+00
16411.900 0.000e+00
16423.060 0.000e+00
16424.150 0.000e+00
16424.260 0.000e+00
16430.480 0.000e+00
16431.320 0.000e+00
16438.420 0.000e+00
16439.270 0.000e+00
16441.065 0.000e+00
16459.600 0.000e+00
16460.450 0.000e+00
16466.840 0.000e+00
16467.690 0.000e+00
16484.990 0.000e+00
16485.090 0.000e+00
16485.380 0.000e+00
16492.980 0.000e+00
16514.310 0.000e+00
16514.410 0.000e+00
16524.380 0.000e+00
16540.260 0.000e+00
16540.360 0.000e+00
16553.828 0.000e+00
16554.921 0.000e+00
16582.420 0.000e+00
16649.990 0.000e+00
16737.550 0.000e+00
16738.680 0.000e+00
16739.790 0.000e+00
16744.980 0.000e+00
16746.100 0.000e+00
16756.590 0.000e+00
16782.810 0.000e+00
16783.125 0.000e+00
16804.690 0.000e+00
16805.234 0.000e+00
16809.920 0.000e+00
16814.200 0.000e+00
16817.270 0.000e+00
16817.490 0.000e+00
16830.740 0.000e+00
16853.540 0.000e+00
16854.430 0.000e+00
16855.820 0.000e+00
16856.710 0.000e+00
16862.210 0.000e+00
16863.100 0.000e+00
16868.450 0.000e+00
16868.570 0.000e+00
16873.740 0.000e+00
16878.260 0.000e+00
16879.160 0.000e+00
16910.910 0.000e+00
16911.010 0.000e+00
16913.190 0.000e+00
16917.240 0.000e+00
16918.390 0.000e+00
16933.050 0.000e+00
16934.749 0.000e+00
16935.790 0.000e+00
16935.900 0.000e+00
16945.211 0.000e+00
16946.310 0.000e+00
16990.960 0.000e+00
16991.070 0.000e+00
17052.880 0.000e+00
17081.757 0.000e+00
17091.830 0.000e+00
17103.110 0.000e+00
17108.550 0.000e+00
17108.720 0.000e+00
17119.392 0.000e+00
17119.590 0.000e+00
17132.185 0.000e+00
17132.223 0.000e+00
17159.520 0.000e+00
17159.550 0.000e+00
17167.180 0.000e+00
17167.410 0.000e+00
17175.110 0.000e+00
17181.220 0.000e+00
17183.936 0.000e+00
17242.920 0.000e+00
17277.290 0.000e+00
17300.817 0.000e+00
17320.040 0.000e+00
17335.200 0.000e+00
17368.840 0.000e+00
17370.040 0.000e+00
17405.570 0.000e+00
17406.661 0.000e+00
17449.668 0.000e+00
17452.720 0.000e+00
17459.660 0.000e+00
17460.610 0.000e+00
17466.170 0.000e+00
17467.510 0.000e+00
17487.970 0.000e+00
17489.190 0.000e+00
17495.000 0.000e+00
17495.950 0.000e+00
17496.780 0.000e+00
17496.910 0.000e+00
17512.070 0.000e+00
17513.290 0.000e+00
17520.780 0.000e+00
17521.220 0.000e+00
17521.340 0.000e+00
17535.310 0.000e+00
17536.270 0.000e+00
17556.810 0.000e+00
17562.100 0.000e+00
17566.300 0.000e+00
17586.840 0.000e+00
17597.410 0.000e+00
17597.530 0.000e+00
17615.870 0.000e+00
17616.840 0.000e+00
17618.180 0.000e+00
17618.620 0.000e+00
17628.620 0.000e+00
17628.740 0.000e+00
17666.950 0.000e+00
17675.030 0.000e+00
17680.930 0.000e+00
17681.120 0.000e+00
17692.160 0.000e+00
17692.520 0.000e+00
17706.180 0.000e+00
17761.010 0.000e+00
17768.930 0.000e+00
17809.660 0.000e+00
17827.540 0.000e+00
17919.521 0.000e+00
17919.618 0.000e+00
18039.670 0.000e+00
18045.660 0.000e+00
18046.080 0.000e+00
18046.120 0.000e+00
18055.170 0.000e+00
18083.580 0.000e+00
18084.890 0.000e+00
18086.771 0.000e+00
18132.807 0.000e+00
18141.350 0.000e+00
18151.750 0.000e+00
18190.705 0.000e+00
18202.570 0.000e+00
18209.140 0.000e+00
18221.240 0.000e+00
18221.420 0.000e+00
18236.327 0.000e+00
18237.370 0.000e+00
18238.690 0.000e+00
18247.988 0.000e+00
18265.598 0.000e+00
18266.340 0.000e+00
18282.540 0.000e+00
18296.354 0.000e+00
18346.500 0.000e+00
18347.560 0.000e+00
18347.680 0.000e+00
18349.840 0.000e+00
18351.190 0.000e+00
18362.320 0.000e+00
18366.100 0.000e+00
18374.220 0.000e+00
18376.510 0.000e+00
18377.570 0.000e+00
18379.260 0.000e+00
18379.848 0.000e+00
18384.710 0.000e+00
18414.500 0.000e+00
18414.630 0.000e+00
18426.648 0.000e+00
18433.730 0.000e+00
18434.860 0.000e+00
18435.000 0.000e+00
18435.090 0.000e+00
18437.300 0.000e+00
18441.319 0.000e+00
18442.560 0.000e+00
18443.630 0.000e+00
18444.730 0.000e+00
18449.300 0.000e+00
18449.680 0.000e+00
18472.670 0.000e+00
18473.525 0.000e+00
18475.800 0.000e+00
18476.410 0.000e+00
18490.680 0.000e+00
18490.710 0.000e+00
18491.780 0.000e+00
18495.030 0.000e+00
18501.150 0.000e+00
18511.270 0.000e+00
18511.400 0.000e+00
18512.040 0.000e+00
18545.790 0.000e+00
18553.340 0.000e+00
18553.891 0.000e+00
18554.430 0.000e+00
18563.491 0.000e+00
18581.270 0.000e+00
18581.400 0.000e+00
18598.850 0.000e+00
18618.340 0.000e+00
18637.376 0.000e+00
18646.710 0.000e+00
18646.747 0.000e+00
18648.620 0.000e+00
18662.690 0.000e+00
18669.160 0.000e+00
18670.780 0.000e+00
18684.660 0.000e+00
18684.730 0.000e+00
18694.020 0.000e+00
18703.790 0.000e+00
18711.860 0.000e+00
18728.872 0.000e+00
18750.123 0.000e+00
18755.230 0.000e+00
18759.608 0.000e+00
18760.508 0.000e+00
18768.573 0.000e+00
18778.030 0.000e+00
18786.880 0.000e+00
18814.790 0.000e+00
18823.680 0.000e+00
18858.500 0.000e+00
18858.700 0.000e+00
18869.390 0.000e+00
18871.300 0.000e+00
18871.670 0.000e+00
18882.917 0.000e+00
18898.900 0.000e+00
18908.092 0.000e+00
18929.434 0.000e+00
18941.770 0.000e+00
18958.300 0.000e+00
18965.060 0.000e+00
18975.210 0.000e+00
18987.100 0.000e+00
19009.080 0.000e+00
19011.390 0.000e+00
19020.410 0.000e+00
19024.148 0.000e+00
19028.290 0.000e+00
19031.660 0.000e+00
19038.590 0.000e+00
19044.430 0.000e+00
19069.220 0.000e+00
19070.890 0.000e+00
19082.900 0.000e+00
19087.490 0.000e+00
19105.100 0.000e+00
19106.490 0.000e+00
19124.500 0.000e+00
19130.000 0.000e+00
19139.200 0.000e+00
19142.730 0.000e+00
19166.649 0.000e+00
19184.160 0.000e+00
19186.500 0.000e+00
19261.300 0.000e+00
19263.890 0.000e+00
19294.520 0.000e+00
19323.900 0.000e+00
19331.390 0.000e+00
19361.900 0.000e+00
19362.230 0.000e+00
19366.560 0.000e+00
19367.180 0.000e+00
19374.280 0.000e+00
19376.750 0.000e+00
19395.710 0.000e+00
19415.090 0.000e+00
19417.160 0.000e+00
19426.180 0.000e+00
19432.260 0.000e+00
19436.274 0.000e+00
19437.238 0.000e+00
19439.511 0.000e+00
19440.000 0.000e+00
19446.460 0.000e+00
19455.770 0.000e+00
19465.880 0.000e+00
19466.860 0.000e+00
19469.800 0.000e+00
19475.530 0.000e+00
19476.135 0.000e+00
19477.590 0.000e+00
19490.223 0.000e+00
19491.800 0.000e+00
19515.260 0.000e+00
19526.460 0.000e+00
19556.360 0.000e+00
19566.580 0.000e+00
19571.560 0.000e+00
19588.490 0.000e+00
19596.320 0.000e+00
19597.860 0.000e+00
19613.558 0.000e+00
19615.307 0.000e+00
19628.360 0.000e+00
19629.900 0.000e+00
19633.574 0.000e+00
19640.830 0.000e+00
19652.652 0.000e+00
19655.670 0.000e+00
19717.720 0.000e+00
19747.550 0.000e+00
19748.770 0.000e+00
19754.080 0.000e+00
19757.070 0.000e+00
19758.290 0.000e+00
19770.180 0.000e+00
19778.880 0.000e+00
19789.640 0.000e+00
19790.860 0.000e+00
19818.210 0.000e+00
19820.040 0.000e+00
19820.100 0.000e+00
19822.918 0.000e+00
19826.350 0.000e+00
19826.490 0.000e+00
19831.660 0.000e+00
19835.940 0.000e+00
19842.570 0.000e+00
19843.580 0.000e+00
19843.800 0.000e+00
19847.260 0.000e+00
19855.299 0.000e+00
19859.040 0.000e+00
19862.580 0.000e+00
19862.610 0.000e+00
19873.040 0.000e+00
19878.250 0.000e+00
19889.700 0.000e+00
19903.630 0.000e+00
19908.490 0.000e+00
19908.600 0.000e+00
19912.250 0.000e+00
19922.130 0.000e+00
19922.280 0.000e+00
19930.900 0.000e+00
19948.840 0.000e+00
19949.510 0.000e+00
19949.670 0.000e+00
19950.513 0.000e+00
19954.958 0.000e+00
19961.800 0.000e+00
19962.560 0.000e+00
20008.590 0.000e+00
20011.790 0.000e+00
20020.810 0.000e+00
20031.139 0.000e+00
20039.930 0.000e+00
20043.440 0.000e+00
20054.610 0.000e+00
20101.680 0.000e+00
20115.000 0.000e+00
20118.230 0.000e+00
20120.750 0.000e+00
20121.080 0.000e+00
20121.230 0.000e+00
20127.350 0.000e+00
20138.979 0.000e+00
20150.220 0.000e+00
20196.974 0.000e+00
20211.820 0.000e+00
20213.450 0.000e+00
20223.910 0.000e+00
20231.850 0.000e+00
20258.000 0.000e+00
20261.002 0.000e+00
20277.900 0.000e+00
20320.950 0.000e+00
20339.976 0.000e+00
20343.460 0.000e+00
20352.804 0.000e+00
20358.100 0.000e+00
20364.010 0.000e+00
20376.670 0.000e+00
20386.280 0.000e+00
20390.700 0.000e+00
20392.039 0.000e+00
20394.319 0.000e+00
20395.640 0.000e+00
20439.020 0.000e+00
20442.360 0.000e+00
20451.770 0.000e+00
20481.430 0.000e+00
20482.341 0.000e+00
20557.749 0.000e+00
20558.666 0.000e+00
20560.797 0.000e+00
20574.430 0.000e+00
20586.980 0.000e+00
20638.250 0.000e+00
20638.290 0.000e+00
20651.770 0.000e+00
20652.770 0.000e+00
20666.450 0.000e+00
20667.540 0.000e+00
20670.920 0.000e+00
20687.830 0.000e+00
20704.600 0.000e+00
20709.320 0.000e+00
20716.780 0.000e+00
20736.510 0.000e+00
20748.570 0.000e+00
20767.900 0.000e+00
20772.780 0.000e+00
20816.722 0.000e+00
20865.870 0.000e+00
20868.670 0.000e+00
20873.100 0.000e+00
20887.490 0.000e+00
20907.400 0.000e+00
20913.846 0.000e+00
20919.180 0.000e+00
20920.370 0.000e+00
20956.500 0.000e+00
20976.840 0.000e+00
20984.440 0.000e+00
20991.839 0.000e+00
21021.200 0.000e+00
21035.520 0.000e+00
21055.923 0.000e+00
21084.980 0.000e+00
21092.230 0.000e+00
21093.820 0.000e+00
21125.352 0.000e+00
21142.138 0.000e+00
21143.108 0.000e+00
21145.190 0.000e+00
21145.361 0.000e+00
21154.360 0.000e+00
21176.570 0.000e+00
21210.500 0.000e+00
21214.740 0.000e+00
21237.090 0.000e+00
21285.300 0.000e+00
21307.300 0.000e+00
21328.740 0.000e+00
21335.130 0.000e+00
21337.330 0.000e+00
21371.320 0.000e+00
21390.130 0.000e+00
21395.830 0.000e+00
21412.280 0.000e+00
21431.920 0.000e+00
21460.500 0.000e+00
21508.270 0.000e+00
21508.670 0.000e+00
21520.770 0.000e+00
21538.855 0.000e+00
21545.140 0.000e+00
21548.780 0.000e+00
21558.330 0.000e+00
21571.100 0.000e+00
21595.300 0.000e+00
21602.370 0.000e+00
21604.810 0.000e+00
21607.780 0.000e+00
21633.800 0.000e+00
21640.400 0.000e+00
21663.130 0.000e+00
21675.980 0.000e+00
21691.362 0.000e+00
21707.040 0.000e+00
21708.240 0.000e+00
21722.530 0.000e+00
21739.190 0.000e+00
21741.070 0.000e+00
21754.650 0.000e+00
21756.000 0.000e+00
21756.770 0.000e+00
21779.000 0.000e+00
21886.000 0.000e+00
21938.700 0.000e+00
21970.700 0.000e+00
22005.400 0.000e+00
22007.000 0.000e+00
22058.500 0.000e+00
22082.100 0.000e+00
22092.370 0.000e+00
22092.800 0.000e+00
22093.100 0.000e+00
22106.300 0.000e+00
22118.660 0.000e+00
22121.320 0.000e+00
22135.800 0.000e+00
22148.300 0.000e+00
22152.900 0.000e+00
22177.200 0.000e+00
22192.100 0.000e+00
22203.870 0.000e+00
22205.840 0.000e+00
22260.800 0.000e+00
22260.800 0.000e+00
22278.800 0.000e+00
22288.500 0.000e+00
22293.600 0.000e+00
22294.800 0.000e+00
22294.900 0.000e+00
22296.450 0.000e+00
22323.000 0.000e+00
22345.200 0.000e+00
22358.800 0.000e+00
22364.150 0.000e+00
22390.000 0.000e+00
22395.390 0.000e+00
22395.580 0.000e+00
22401.800 0.000e+00
22410.470 0.000e+00
22412.040 0.000e+00
22416.800 0.000e+00
22420.600 0.000e+00
22430.300 0.000e+00
22460.800 0.000e+00
22484.600 0.000e+00
22491.800 0.000e+00
22498.200 0.000e+00
22510.810 0.000e+00
22512.000 0.000e+00
22528.800 0.000e+00
22541.300 0.000e+00
22541.500 0.000e+00
22546.400 0.000e+00
22548.100 0.000e+00
22581.800 0.000e+00
22625.790 0.000e+00
22627.390 0.000e+00
22646.680 0.000e+00
22648.730 0.000e+00
22653.600 0.000e+00
22669.600 0.000e+00
22674.700 0.000e+00
22676.500 0.000e+00
22677.000 0.000e+00
22713.220 0.000e+00
22713.430 0.000e+00
22722.800 0.000e+00
22729.290 0.000e+00
22729.490 0.000e+00
22733.100 0.000e+00
22734.900 0.000e+00
22827.400 0.000e+00
22830.500 0.000e+00
22861.640 0.000e+00
22863.270 0.000e+00
22883.859 0.000e+00
22897.700 0.000e+00
22900.890 0.000e+00
22902.990 0.000e+00
22935.890 0.000e+00
22936.080 0.000e+00
22957.300 0.000e+00
22962.570 0.000e+00
22997.500 0.000e+00
23028.500 0.000e+00
23049.640 0.000e+00
23052.500 0.000e+00
23179.900 0.000e+00
23260.310 0.000e+00
23372.700 0.000e+00
23444.960 0.000e+00
23457.100 0.000e+00
23467.500 0.000e+00
23541.200 0.000e+00
23556.200 0.000e+00
23729.500 0.000e+00
23787.600 0.000e+00
23846.400 0.000e+00
23847.300 0.000e+00
23851.540 0.000e+00
23911.250 0.000e+00
23958.590 0.000e+00
23987.900 0.000e+00
24012.100 0.000e+00
24138.100 0.000e+00
24154.400 0.000e+00
24156.000 0.000e+00
24165.500 0.000e+00
24223.000 0.000e+00
24237.400 0.000e+00
24286.400 0.000e+00
24366.200 0.000e+00
24379.200 0.000e+00
24393.700 0.000e+00
24424.800 0.000e+00
24443.300 0.000e+00
24524.100 0.000e+00
24541.800 0.000e+00
24553.300 0.000e+00
24587.570 0.000e+00
24623.100 0.000e+00
24634.600 0.000e+00
24645.400 0.000e+00
24664.430 0.000e+00
24691.000 0.000e+00
24736.800 0.000e+00
24756.000 0.000e+00
24783.060 0.000e+00
24785.170 0.000e+00
24788.900 0.000e+00
24840.200 0.000e+00
24848.200 0.000e+00
24856.700 0.000e+00
24871.800 0.000e+00
24923.500 0.000e+00
24951.200 0.000e+00
