3.125670000000000073e+03 1.000000000000000000e+03
3.131699999999999818e+03 1.000000000000000000e+03
3.341480000000000018e+03 1.000000000000000000e+03
3.650152999999999793e+03 1.000000000000000000e+03
3.654840000000000146e+03 1.000000000000000000e+03
3.663278999999999996e+03 1.000000000000000000e+03
4.046563000000000102e+03 1.000000000000000000e+03
4.077831000000000131e+03 1.000000000000000000e+03
4.358327000000000226e+03 1.000000000000000000e+03
4.916068000000000211e+03 1.000000000000000000e+03
5.460734999999999673e+03 1.000000000000000000e+03
5.769597999999999956e+03 1.000000000000000000e+03
5.790662999999999556e+03 1.000000000000000000e+03
5.852488000000000284e+03 1.000000000000000000e+03
5.881895000000000437e+03 1.000000000000000000e+03
5.944833999999999833e+03 1.000000000000000000e+03
5.975533999999999651e+03 1.000000000000000000e+03
6.029997000000000298e+03 1.000000000000000000e+03
6.074337000000000444e+03 1.000000000000000000e+03
6.096162999999999556e+03 1.000000000000000000e+03
6.128449999999999818e+03 1.000000000000000000e+03
6.143061999999999898e+03 1.000000000000000000e+03
6.163594000000000051e+03 1.000000000000000000e+03
6.217280999999999949e+03 1.000000000000000000e+03
6.266494999999999891e+03 1.000000000000000000e+03
6.304788999999999760e+03 1.000000000000000000e+03
6.334427999999999884e+03 1.000000000000000000e+03
6.382990999999999985e+03 1.000000000000000000e+03
6.402246000000000095e+03 1.000000000000000000e+03
6.506528000000000247e+03 1.000000000000000000e+03
6.532881999999999607e+03 1.000000000000000000e+03
6.598953000000000429e+03 1.000000000000000000e+03
6.652091999999999643e+03 1.000000000000000000e+03
6.678275999999999840e+03 1.000000000000000000e+03
6.717042999999999665e+03 1.000000000000000000e+03
6.929466999999999643e+03 1.000000000000000000e+03
6.965430000000000291e+03 1.000000000000000000e+03
7.024050000000000182e+03 1.000000000000000000e+03
7.032412999999999556e+03 1.000000000000000000e+03
7.067216999999999643e+03 1.000000000000000000e+03
7.147041000000000167e+03 1.000000000000000000e+03
7.173938000000000102e+03 1.000000000000000000e+03
7.245166000000000167e+03 1.000000000000000000e+03
7.272935000000000400e+03 1.000000000000000000e+03
7.383979000000000269e+03 1.000000000000000000e+03
7.438898000000000138e+03 1.000000000000000000e+03
7.488871000000000095e+03 1.000000000000000000e+03
7.503868000000000393e+03 1.000000000000000000e+03
7.514650999999999840e+03 1.000000000000000000e+03
7.535774000000000342e+03 1.000000000000000000e+03
7.544043999999999869e+03 1.000000000000000000e+03
7.635105999999999767e+03 1.000000000000000000e+03
7.723760000000000218e+03 1.000000000000000000e+03
7.943180000000000291e+03 1.000000000000000000e+03
7.948175000000000182e+03 1.000000000000000000e+03
8.006155999999999949e+03 1.000000000000000000e+03
8.014784999999999854e+03 1.000000000000000000e+03
8.082457000000000335e+03 1.000000000000000000e+03
8.103692000000000007e+03 1.000000000000000000e+03
8.115310999999999694e+03 1.000000000000000000e+03
8.136405999999999949e+03 1.000000000000000000e+03
8.300324000000000524e+03 1.000000000000000000e+03
8.377605999999999767e+03 1.000000000000000000e+03
8.408209000000000742e+03 1.000000000000000000e+03
8.418425999999999476e+03 1.000000000000000000e+03
8.424647000000000844e+03 1.000000000000000000e+03
8.495359000000000378e+03 1.000000000000000000e+03
8.521442999999999302e+03 1.000000000000000000e+03
8.591257999999999811e+03 1.000000000000000000e+03
8.634647000000000844e+03 1.000000000000000000e+03
8.654384000000000015e+03 1.000000000000000000e+03
8.667944999999999709e+03 1.000000000000000000e+03
8.853867000000000189e+03 1.000000000000000000e+03
8.865755999999999403e+03 1.000000000000000000e+03
8.919498999999999796e+03 1.000000000000000000e+03
8.988579999999999927e+03 1.000000000000000000e+03
9.122966000000000349e+03 1.000000000000000000e+03
9.148680000000000291e+03 1.000000000000000000e+03
9.201760000000000218e+03 1.000000000000000000e+03
9.224495000000000800e+03 1.000000000000000000e+03
9.300850000000000364e+03 1.000000000000000000e+03
9.313979999999999563e+03 1.000000000000000000e+03
9.326520000000000437e+03 1.000000000000000000e+03
9.354218000000000757e+03 1.000000000000000000e+03
9.425379999999999200e+03 1.000000000000000000e+03
9.459209999999999127e+03 1.000000000000000000e+03
9.486680000000000291e+03 1.000000000000000000e+03
9.534166999999999462e+03 1.000000000000000000e+03
9.547399999999999636e+03 1.000000000000000000e+03
9.657783999999999651e+03 1.000000000000000000e+03
9.665424000000000888e+03 1.000000000000000000e+03
9.784501000000000204e+03 1.000000000000000000e+03
1.047051000000000022e+04 1.000000000000000000e+03
3.080822000000000116e+03 1.000000000000000000e+03
3.082592999999999847e+03 1.000000000000000000e+03
3.133166999999999916e+03 1.000000000000000000e+03
3.252523999999999887e+03 1.000000000000000000e+03
3.261054999999999836e+03 1.000000000000000000e+03
3.403652000000000044e+03 1.000000000000000000e+03
3.466199999999999818e+03 1.000000000000000000e+03
3.467655000000000200e+03 1.000000000000000000e+03
3.499952000000000226e+03 1.000000000000000000e+03
3.610507999999999811e+03 1.000000000000000000e+03
3.612873000000000047e+03 1.000000000000000000e+03
3.614452999999999975e+03 1.000000000000000000e+03
3.649557999999999993e+03 1.000000000000000000e+03
3.981925999999999931e+03 1.000000000000000000e+03
4.140500000000000000e+03 1.000000000000000000e+03
4.306671999999999571e+03 1.000000000000000000e+03
4.412988999999999578e+03 1.000000000000000000e+03
4.662351999999999862e+03 1.000000000000000000e+03
4.678149000000000342e+03 1.000000000000000000e+03
4.799912000000000262e+03 1.000000000000000000e+03
5.085822000000000116e+03 1.000000000000000000e+03
5.154659999999999854e+03 1.000000000000000000e+03
6.099141999999999825e+03 1.000000000000000000e+03
6.111489999999999782e+03 1.000000000000000000e+03
6.325166000000000167e+03 1.000000000000000000e+03
6.330012999999999920e+03 1.000000000000000000e+03
6.438470000000000255e+03 1.000000000000000000e+03
6.778115999999999985e+03 1.000000000000000000e+03
7.345670000000000073e+03 1.000000000000000000e+03
